0.4768981028545643
0.4791375947411357
0.48212220702263003
0.4841720167317991
0.4863653237553429
0.4872440518015507
0.4890498446565468
0.4900622717653992
0.4928522125244279
0.4927498019100959
0.49330242532109475
0.49688897394068243
0.4966993328959724
0.4981290857067748
0.5002953641919972
0.4987463903773509
0.557000302275477
0.4990029226112136
0.5008045097604163
0.49893392666644165
0.49772911614571697
0.49853241479907817
0.4950373667825636
0.49483721575971495
0.49576298082785775
0.49350502765732684
0.4926052140172754
0.4915181997881028
0.4909355819747587
0.4890241012172137
0.48743681240774317
