-0.127447
-0.067533
-0.335711
-0.007030
-0.089976
0.449883
-0.020976
0.103503
0.327784
-0.161127
-0.111611
0.124816
-0.020073
0.176379
-0.004103
-0.162553
0.199261
0.510265
-0.178948
0.708762
-0.097167
0.657835
0.176089
0.171296
0.277245
0.509895
0.383247
0.380629
0.644255
1.091271
0.763770
0.324178
0.688854
0.714707
0.635015
0.593778
0.827538
0.225540
0.230066
0.641417
0.886064
0.577691
0.460662
0.388571
0.682110
0.739985
0.781540
0.307362
0.755601
0.842457
0.430744
0.622616
0.687327
0.711449
0.997373
0.346862
0.387116
0.706918
1.059235
0.921678
0.781234
1.113670
0.625929
1.165718
0.661123
0.474876
0.776292
0.766733
1.135355
0.901235
0.867520
1.010732
1.176025
1.102490
0.885643
1.194599
0.814407
0.931102
0.835712
1.083758
0.814283
1.077945
0.827934
0.945475
0.796319
1.102035
0.763725
0.912534
0.862009
1.219516
0.932263
1.296707
0.989053
0.889472
1.164430
0.659474
1.349282
1.311417
0.851935
1.138956
0.895993
1.309333
1.042867
0.968561
0.762962
1.090617
1.057446
1.109136
1.001925
0.667096
0.549735
0.885391
0.667689
1.083583
0.795963
0.833910
0.535173
1.139750
0.564478
0.819176
1.118374
0.976722
0.755614
0.797598
0.837381
0.521965
0.546825
0.557424
0.972145
0.636515
0.870773
0.798084
1.012665
0.916953
0.678857
0.937388
0.755736
0.918695
0.863890
0.910862
0.832930
0.962909
0.960056
0.800612
1.225459
0.837290
0.655628
1.273731
0.733727
1.116610
1.067599
0.584851
0.682883
0.211858
0.895177
0.537497
1.260035
0.443948
0.244379
0.464210
0.950275
0.536513
0.361026
0.784269
0.485761
0.597433
0.336394
0.638095
0.124683
-0.155811
0.136784
0.270332
0.397964
0.427307
0.122476
0.695226
0.489418
0.558097
0.253187
0.351192
0.423823
-0.166657
0.064747
0.274732
0.278775
0.496148
0.299264
0.247151
0.118670
0.175563
0.205245
-0.115467
0.291536
0.218631
0.136165
-0.328721
0.342611
-0.010978
-0.059153
-0.169461
-0.012406
0.135651
-0.166154
-0.243643
-0.097831
0.082386
-0.201739
0.036633
-0.113900
-0.278315
-0.014703
-0.139619
-0.252541
-0.279110
-0.215462
0.050723
-0.403184
-0.537861
-0.133310
-0.469170
-0.582430
-0.014260
-0.307884
-0.949194
-0.532599
-0.376271
-0.139596
-0.277904
-0.481045
0.032181
-0.461423
-0.982991
-0.498112
-0.073431
-0.455828
-0.806890
-0.657427
-0.769095
-0.170320
-0.361661
-0.351919
-0.349835
-0.762929
-0.698901
-0.485871
-0.827293
-0.880381
-0.621833
-0.960296
-0.632075
-0.648363
-0.596433
-0.949442
-0.343643
-0.824344
-1.201405
-0.623665
-0.934802
-0.936313
-0.671430
-0.833186
-0.859113
-0.908616
-0.525192
-1.136710
-0.898200
-0.993116
-1.024349
-1.059596
-0.824267
-1.050622
-0.795685
-0.691655
-0.894663
-1.022710
-0.726562
-0.827495
-0.936606
-0.713939
-0.828376
-1.193078
-0.728538
-0.897819
-1.226411
-0.871106
-1.076457
-1.054713
-0.933474
-0.952483
-0.898506
-1.088429
-0.818443
-0.514526
-1.028434
-0.978221
-1.183010
-0.840244
-0.867668
-0.957698
-0.941510
-1.273839
-1.348641
-1.210960
-1.031046
-0.965507
-1.086227
-1.384731
-0.978590
-1.060379
-0.949492
-1.062315
-0.819931
-1.188871
-1.216176
-0.979390
-1.240951
-0.976020
-0.920799
-1.413609
-0.836267
-1.010471
-0.851159
-0.955567
-0.957998
-0.763969
-0.799129
-0.855699
-1.116397
-0.899971
-1.400623
-1.051571
-1.231838
-0.570111
-0.733869
-0.605863
-0.519879
-0.935802
-0.861649
-0.616697
-0.208500
-0.699632
-0.471968
-0.599514
-0.933615
-0.760551
-0.427987
-0.768716
-0.599922
-0.849629
-0.376510
-0.846983
-0.331444
-0.597097
-0.929916
-0.742539
-1.077727
-0.541598
-0.542445
-0.826906
-1.070663
-0.471062
-0.570809
-0.852344
-0.901356
-0.897085
-0.627214
-0.858371
-0.631850
-0.635785
-0.474118
-0.594140
-0.508683
-0.453743
-0.688736
-0.069620
-0.253844
-0.601367
-0.458863
0.207690
-0.128697
-0.200413
-0.608847
-0.011092
0.150214
-0.196067
-0.144652
-0.220896
-0.247648
-0.457530
-0.216345
-0.137551
-0.020664
-0.337775
-0.121151
0.077323
-0.229278
-0.008227
-0.126773
-0.075138
-0.014362
-0.066253
0.125018
0.096166
-0.006374
0.114819
0.489819
0.252432
0.211380
-0.395182
-0.062984
0.305338
-0.161242
0.137751
0.313836
0.075396
0.661625
-0.201741
0.045864
0.251414
0.377980
0.687769
0.243968
0.353534
0.658669
0.619335
0.319326
0.340760
0.210638
0.009993
0.176087
0.398964
0.684420
0.203919
0.397313
0.605336
0.588104
0.218143
0.544600
0.355651
0.640868
0.672977
0.529913
0.676264
0.516269
0.626307
0.647914
0.586105
1.208273
0.795844
0.221893
0.618401
0.712069
0.176525
0.948510
0.961565
0.588792
0.764644
0.947513
0.799446
0.657123
0.692436
1.089227
0.684574
0.438963
0.603283
0.674943
1.069317
0.992639
0.662027
0.956643
0.716236
0.995638
0.808198
0.831398
0.731755
0.946343
0.841556
0.666009
1.174367
0.817112
0.974504
1.106160
0.954097
1.046825
0.925496
0.645388
0.765011
1.331739
0.780473
1.155051
0.781591
1.234693
0.717665
1.236740
0.609857
1.325495
1.217853
0.862233
1.062715
0.679364
1.239589
1.251284
1.545187
1.707711
0.870001
0.850091
1.212533
1.069436
1.083649
0.923637
1.242726
0.973500
0.898809
0.932133
0.795942
0.530138
0.793475
0.706869
1.062459
0.819060
0.782765
1.115855
0.853538
0.579120
0.841818
0.887474
0.623849
0.847613
0.853636
1.197430
1.489925
0.910601
0.408848
0.920149
0.899114
0.603472
1.038920
0.959355
0.985771
1.449017
0.793720
0.920275
0.604502
0.573956
0.539182
0.703838
0.078613
0.857702
0.542943
0.935091
0.928387
0.581268
1.083752
0.865704
0.690104
0.640761
0.516279
0.301057
0.721028
0.536511
0.851207
0.392520
0.946575
0.481850
0.455327
0.251432
0.864723
0.386308
0.443074
0.535284
0.137481
0.406431
0.757457
0.254174
0.316440
0.313564
0.275637
0.299493
0.335222
0.556532
0.484174
0.488430
0.667603
-0.110018
0.407237
-0.056612
0.039106
0.215393
0.130832
0.105610
0.223605
-0.013584
0.003290
0.020999
-0.091170
-0.051963
0.113724
0.266171
0.457713
-0.069123
0.039211
0.533643
0.289768
0.313059
-0.185734
-0.200232
-0.317561
-0.248586
-0.054002
0.004646
-0.057539
0.167647
-0.148244
-0.385787
-0.371830
-0.271291
-0.098775
0.219677
-0.056007
-0.536366
-0.289597
-0.514583
-0.139061
-0.415011
-0.523463
-0.385855
-0.228692
-0.342840
-0.540749
0.028868
-0.457550
-0.725219
-0.783565
-0.414005
-0.305004
0.008956
-0.199675
-0.461695
-0.514741
-0.379074
-0.285093
-0.473594
-0.842862
-0.847640
-0.230443
-1.163466
-0.538821
-0.416902
-0.401647
-0.447987
-0.886537
-0.595919
-1.041280
-0.964821
-0.644717
-0.740240
-0.968307
-0.681296
-0.847479
-0.834156
-0.470176
-0.906457
-0.697337
-0.846880
-0.455641
-0.921622
-0.651939
-0.872933
-1.146159
-0.969193
-1.279269
-1.152183
-0.953586
-0.754161
-1.009991
-0.673716
-1.013078
-0.851852
-0.669989
-0.796453
-0.525586
-1.002123
-0.647534
-0.929916
-1.301790
-1.197459
-1.091489
-0.761168
-0.500973
-0.701313
-0.981147
-1.479060
-1.085259
-0.842957
-0.422211
-0.813297
-0.845889
-0.795153
-1.488371
-0.931245
-1.071887
-0.589489
-1.184190
-1.064797
-0.826305
-0.805968
-1.086443
-0.826611
-0.909642
-1.231093
-1.452283
-1.042298
-0.784217
-1.108155
-1.473443
-1.098878
-0.438968
-0.735136
-0.632507
-0.905594
-1.147868
-1.278502
-0.858577
-1.208235
-0.915439
-1.072674
-0.757365
-0.707202
-1.125245
-0.911572
-0.764524
-1.360414
-0.797804
-0.562057
-0.619348
-0.879790
-0.639425
-0.654690
-1.034282
-0.603279
-0.781338
-0.959696
-0.135263
-0.848976
-0.552565
-0.563789
-0.632750
-0.773678
-0.467188
-0.616389
-0.913015
-0.393262
-0.780756
-0.398167
-0.602154
-0.740238
-0.786870
-0.504760
-0.819510
-0.593713
-0.509814
-0.492048
-0.601691
-0.247500
-0.734202
-0.756052
-0.456034
-1.008612
-0.099280
-0.674615
-0.610991
-0.353757
-0.125478
-0.633654
-0.296986
-0.156008
-0.156460
-0.368818
-0.191023
-0.246384
-0.613424
-0.238188
-0.424238
-0.635798
-0.548824
-0.321774
-0.252295
0.139288
-0.224713
0.074804
-0.026598
-0.508018
-0.110587
0.649794
0.217309
-0.169903
-0.041775
0.272259
-0.317495
-0.115233
-0.187641
-0.258402
-0.118952
-0.086127
0.169739
-0.216397
0.376130
-0.304108
0.101619
0.136476
0.217354
-0.012491
0.414714
0.071537
0.631098
-0.061746
0.215559
-0.009746
0.399621
0.266574
0.043507
0.299955
0.593011
0.289413
0.156162
0.098633
0.622069
0.331847
0.664567
0.261486
0.059561
0.472591
0.308243
0.718303
0.192889
0.251385
0.215843
0.374620
0.492523
0.715519
0.916866
0.937438
0.914732
0.781170
0.607514
0.560641
0.538261
0.385911
0.786375
0.771677
1.069292
0.460519
0.500546
0.452227
0.946333
0.832797
0.342836
0.716089
0.671655
0.692351
0.767562
0.915806
0.737219
0.428574
1.096468
0.737850
0.806571
0.885906
1.025433
0.494553
0.661732
0.768517
0.659002
0.831119
0.885440
0.750424
0.954653
0.677291
0.865798
1.137808
0.972986
0.813185
1.018779
1.504624
0.801519
1.035511
0.936929
1.057251
1.094293
0.994016
1.219218
0.838923
1.027480
1.135489
0.947965
0.889716
1.110903
0.731060
0.539757
0.918746
0.828712
1.020468
1.033315
1.008853
0.922086
1.539481
0.759563
1.132149
1.234198
1.149913
1.058247
1.287241
1.042706
1.383984
0.925742
0.877207
0.864892
1.187848
1.115474
0.954885
1.350358
1.182650
1.207204
1.080175
0.665444
0.489609
0.853059
0.963574
0.756068
0.504405
0.771312
0.766682
1.042317
0.735993
0.804693
0.959950
0.831595
1.043656
1.182675
0.892078
0.275960
0.864719
0.771363
0.654177
0.813520
0.926449
0.582698
0.676034
0.537264
0.868420
0.692000
1.009132
0.585593
0.862505
0.511738
0.645701
0.649130
0.606943
0.630686
0.656204
0.655279
0.792077
0.529951
0.654993
0.536555
-0.116896
0.288834
0.715139
0.479294
0.773915
0.498718
0.491689
0.566200
0.558964
0.355127
0.616999
0.013382
-0.125732
0.549181
-0.019724
0.006598
0.330510
0.390838
0.250098
0.107777
0.409852
0.381667
0.041979
0.304053
0.192799
-0.047319
0.218928
0.108237
0.063435
0.042774
-0.070702
0.262721
0.394538
-0.003008
0.093142
-0.098664
0.190452
-0.316443
-0.126925
0.058049
-0.201434
-0.067922
-0.581951
-0.260452
-0.101298
-0.107005
0.264387
-0.319867
0.091443
-0.681585
-0.192984
0.049179
-0.404626
-0.623148
-0.252991
-0.140178
-0.455823
-0.192952
-0.873212
-0.153591
-0.559074
-0.239130
-0.516459
-0.616858
-0.367253
-0.630929
-0.704350
-0.446627
-0.567831
-0.770814
-0.233211
-0.613769
-0.724745
-0.417223
-0.426433
-0.519572
-0.867936
-0.670367
-0.723060
-0.720371
-1.100963
-0.874505
-0.688130
-0.814569
-0.690722
-0.583989
-0.404466
-0.535487
-0.350053
-0.565038
-1.251814
-0.554775
-0.784155
-1.171949
-0.886203
-1.102421
-0.442799
-0.460821
-0.656830
-0.439602
-1.325466
-1.242025
-1.192950
-1.074391
-1.067547
-0.649976
-0.797217
-1.350517
-1.141862
-0.683608
-0.915767
-1.150530
-0.917720
-1.093312
-0.981613
-0.968425
-0.720099
-0.962122
-0.787214
-0.771925
-0.705862
-1.026035
-0.810138
-0.945443
-0.764394
-0.950162
-1.155809
-0.749767
-0.604250
-0.825210
-1.393982
-1.361035
-1.226086
-0.815121
-1.277049
-1.295559
-1.296694
-0.944684
-0.980139
-1.068620
-0.818290
-1.233331
-0.847201
-0.893609
-0.873481
-0.848398
-1.134603
-1.396252
-0.980414
-1.064597
-0.812604
-0.622434
-1.196427
-1.267176
-1.274427
-0.793518
-1.577869
-0.557286
-1.065807
-0.904072
-1.097083
-0.585292
-0.834519
-1.050913
-0.608444
-1.288513
-0.984692
-0.927757
-0.812457
-0.980346
-0.524327
-0.914718
-1.137438
-0.840968
-0.969067
-0.603427
-1.050724
-0.425353
-1.044669
-0.746094
-0.591136
-0.854919
-0.578408
-0.870434
-1.138873
-0.642462
-0.848773
-0.624309
-0.185891
-0.655704
-0.671657
-0.942187
-0.753798
-0.689073
-0.789562
-0.415142
-0.364826
-0.340977
-0.704363
-0.617969
-0.417637
-0.399202
-0.363255
-0.090973
-0.715953
-0.469319
-0.572737
-0.530327
-0.562506
-0.400017
-0.628318
-0.167028
-0.282284
-0.021956
-0.168073
0.085052
-0.564928
-0.577606
-0.017319
-0.091918
-0.294691
-0.529363
0.236424
-0.116241
-0.073215
0.059797
-0.426197
-0.335401
-0.194478
-0.009161
0.107711
0.078721
-0.111713
0.087192
0.197054
0.245322
-0.161917
-0.172362
-0.405216
0.192431
-0.095941
0.410467
0.105634
0.043311
0.168732
-0.155254
0.090319
0.702019
0.450720
0.439983
-0.251956
0.145491
0.263614
0.418861
0.419923
0.450418
0.207462
0.672052
0.041483
0.258489
-0.029584
0.484760
0.445789
0.131976
0.161047
0.639664
0.491281
-0.034060
0.198608
0.114722
0.368116
0.327330
0.837670
0.580618
0.558793
0.355887
0.593766
0.351418
1.233405
0.253385
0.624575
0.524380
0.904718
1.050467
0.791300
1.028726
0.706949
0.660510
0.342541
0.731233
0.869848
0.712885
0.889271
0.359165
0.396161
1.284591
0.333522
0.752007
0.914870
0.711762
0.977729
1.133391
0.956817
0.776155
0.942645
1.118018
0.966999
0.711818
1.062914
1.110626
1.269150
0.864862
0.792757
1.251430
0.422355
1.143947
1.278476
0.983861
0.950764
0.915196
0.841038
0.908069
0.967074
0.896843
0.960937
1.269294
1.236927
0.813283
1.080689
1.019554
1.091778
1.085989
0.785831
1.374710
1.052536
1.011157
0.880738
1.074626
0.905209
0.789565
1.191478
1.238868
1.012688
1.061907
1.188340
1.115982
0.900890
1.056261
0.669082
1.129052
0.899564
0.907209
0.767425
1.357561
0.695021
0.787555
1.132345
1.613276
1.209683
0.521402
0.580945
0.860412
0.900924
0.682988
0.664807
0.975274
1.089863
1.118560
1.317120
1.141187
0.759479
0.738786
0.966995
1.044470
0.650293
1.253358
0.238633
0.403538
0.774788
0.466721
0.859355
0.869130
1.280272
0.979872
0.484686
0.822026
0.415317
0.597661
0.572940
0.707465
0.584545
0.771992
0.741013
0.516415
0.461396
0.251815
0.405394
0.741007
0.997103
0.565667
0.498788
0.503975
0.519570
0.577462
0.502142
0.267454
0.486425
0.382936
0.482428
0.922773
0.306604
0.218582
0.603205
0.325502
0.286159
0.181015
0.696169
0.204015
0.175898
0.400594
-0.052167
0.323416
0.507103
0.338330
-0.084771
0.107008
0.093807
0.165281
-0.006938
0.052992
-0.049489
-0.016712
0.049216
-0.179185
-0.047695
-0.284204
-0.178537
-0.471654
-0.086722
0.120853
-0.033476
0.159021
-0.171356
0.214606
-0.168694
0.419342
-0.318573
-0.604540
-0.460046
-0.686271
-0.330993
-0.287875
-0.060295
-0.657191
-0.074480
0.044395
-0.435680
-0.328215
-0.424601
-0.717627
-0.592031
-0.407280
-0.441985
-0.394352
-0.275390
-0.380226
-0.824145
-0.707454
-0.715226
-0.598259
-0.302235
-0.203549
-0.221531
-0.414673
-0.386045
-0.251982
-0.220338
-0.650885
-0.831724
-0.661959
-0.251405
-0.579767
-0.686359
-0.245470
-0.828371
-0.573252
-0.322577
-0.961072
-0.734290
-0.571864
-0.302199
-0.712652
-0.928699
-0.931170
-0.710785
-1.101842
-1.231351
-0.769255
-1.119277
-0.591684
-0.726834
-0.713663
-0.628284
-0.878537
-1.091042
-0.476845
-0.831736
-0.783846
-1.125053
-1.038803
-0.564745
-1.126377
-0.860010
-0.725274
-0.473273
-0.738210
-1.101786
-0.614622
-1.268839
-0.819032
-0.904882
-0.528505
-0.366199
-0.696815
-1.179566
-1.371744
-1.007560
-0.672355
-1.169660
-0.900624
-0.870357
-0.765932
-0.822935
-0.858819
-1.173888
-0.857029
-0.910558
-1.296642
-0.857891
-1.057640
-0.514299
-1.283693
-1.045105
-0.504404
-0.966270
-0.948618
-0.850359
-1.239418
-1.271656
-0.788261
-0.749325
-1.211084
-1.021756
-0.963617
-0.494140
-0.937074
-1.280300
-0.822749
-0.991372
-0.335569
-0.634799
-0.865583
-0.990511
-0.866158
-1.038568
-1.324001
-1.128914
-0.835758
-0.967327
-0.789234
-1.085657
-1.036720
-0.741043
-1.092871
-1.155808
-0.670575
-1.117847
-0.914357
-0.759033
-0.737155
-0.152972
-0.576608
-0.940054
-0.723331
-0.657313
-1.041755
-0.732543
-0.467570
-0.282053
-0.710121
-0.439265
-0.606932
-0.712942
-0.948131
-1.090945
-0.833898
-1.077792
-0.710148
-0.340911
-0.430969
-0.518810
-0.570016
-0.443494
-0.463905
-0.687541
-0.131739
-0.034807
-0.699251
-0.789173
-0.368119
0.122080
-0.456464
-0.349957
-1.015775
-0.395816
-0.143535
-0.361893
-0.084530
-0.808971
-0.418602
-0.305909
-0.239569
-0.204466
-0.433367
-0.383104
-0.054965
-0.237701
-0.170727
-0.481382
0.040567
-0.210041
0.367063
0.192270
-0.017843
-0.257009
-0.117255
-0.136728
0.012358
0.227970
0.325343
0.343860
0.171686
-0.056826
0.135803
0.078115
0.304204
0.190151
-0.223850
0.244555
0.252968
0.105581
-0.258992
0.244978
0.333021
-0.012575
0.524111
0.097479
0.137966
0.189460
0.176966
0.342557
0.639967
0.700268
0.352726
0.407957
0.102145
0.115944
0.468634
0.686168
0.577838
0.756539
0.733643
0.338908
0.729537
0.614577
0.666201
0.480042
0.646858
0.457051
0.867944
0.571108
0.689171
0.458546
0.671961
0.572678
0.604224
0.952610
0.494368
0.851953
0.637640
0.542196
0.788842
0.675956
0.746149
0.785891
1.028375
0.680780
0.571415
0.723805
0.648140
0.834103
1.046044
0.579493
0.941764
0.751317
0.993321
1.322189
1.007590
1.142634
0.881542
0.922005
1.291749
0.953912
1.080086
0.956620
1.375107
0.958266
0.941649
1.468452
1.026652
1.156101
0.778447
0.995326
0.937956
1.081070
0.866038
1.155763
0.689133
1.257130
0.983944
1.030950
0.430087
1.037225
1.110796
1.149026
0.940638
1.085000
1.125326
0.833281
0.884589
0.908413
1.032745
0.966630
1.188585
1.279705
0.904625
0.826525
1.115047
1.014447
1.219615
1.059355
1.067904
0.919695
0.910098
0.796191
0.440489
1.307183
1.222368
0.357653
0.908838
0.818670
1.031529
1.060204
0.752298
0.858037
0.455443
0.612680
0.993349
0.695208
1.043880
0.919289
0.778655
0.798308
0.528811
0.849539
0.838040
1.161563
0.605811
0.729528
0.699532
0.897776
1.180858
0.480759
0.727077
0.752090
0.688218
0.884462
0.827410
0.489965
0.759931
0.782981
0.572836
0.804930
0.804698
0.656140
0.917609
0.560096
0.451718
0.421090
0.489740
0.489967
0.679233
0.074589
0.330751
0.326112
0.558066
0.747558
0.540654
0.632873
0.391625
0.562019
0.459173
0.203868
0.150682
0.636025
0.332257
-0.010949
0.236645
0.063668
0.063485
0.568005
0.178762
-0.151801
0.282191
0.341105
0.390524
-0.191157
-0.124111
0.042919
0.110802
-0.509696
-0.086244
0.082036
0.041058
-0.063059
-0.009523
-0.004853
-0.294776
-0.155113
-0.112021
0.025244
-0.303838
-0.317278
0.070946
-0.144583
-0.451096
0.055983
-0.401241
-0.304326
-0.132156
-0.182720
-0.273505
0.072031
-0.558260
-0.422594
-0.150387
-0.037122
0.014215
-0.512446
-0.361940
-0.662848
-0.449128
-0.517788
-0.381695
-0.414296
-0.813750
-0.540515
-0.275362
-0.325717
-0.296676
-0.186832
-0.973884
-0.469122
-0.504718
-0.529985
-0.357401
-0.777962
-0.694892
-0.751289
-0.471693
-0.277567
-0.338091
-0.550196
-0.527057
-0.471024
-0.639334
-0.767558
-0.571546
-0.677062
-0.235366
-0.904171
-0.424117
-0.692892
-0.798383
-0.956162
-0.543184
-0.986932
-0.684316
-0.644927
-1.189985
-0.834750
-0.996125
-0.646508
-0.778256
-1.139677
-0.778560
-0.749389
-1.325148
-0.737984
-1.024755
-0.940214
-1.050181
-0.769956
-0.849600
-1.137908
-1.152554
-0.882937
-0.788046
-1.087975
-1.480290
-1.047951
-0.936955
-0.995802
-0.648486
-1.174387
-0.470453
-0.994253
-1.032074
-0.769469
-1.135038
-0.893424
-0.784221
-0.688271
-1.120969
-0.993155
-1.180258
-0.869231
-1.114622
-0.796310
-1.089949
-1.363932
-1.256739
-1.371447
-0.972374
-1.361690
-0.816714
-1.507646
-0.951821
-1.041128
-1.044769
-0.885549
-1.028157
-1.041438
-0.773363
-0.798292
-1.044213
-0.978041
-0.692519
-1.072420
-0.688058
-0.896951
-1.074215
-0.965070
-1.013375
-0.539416
-1.009177
-0.788539
-1.307704
-1.089228
-0.715765
-0.631732
-1.005149
-0.746302
-0.992150
-0.723305
-0.951902
-0.822766
-0.742105
-0.376919
-0.978486
-0.420954
-0.896711
-0.999870
-0.459765
-0.619176
-0.727374
-0.793294
-0.505696
-0.438728
-0.913570
-0.187750
-0.759900
-0.484834
-0.601373
-0.701680
-0.593131
-0.683096
-0.539148
-0.628606
-0.823569
-0.681896
-0.721883
-0.656543
-0.351423
-0.275899
-0.552545
-0.268795
-0.733287
-0.126429
-0.427140
0.194097
0.071301
-0.730784
-0.051219
-0.300942
0.117007
-0.543330
-0.551927
0.007110
-0.226206
-0.132741
-0.339482
-0.375297
-0.163718
0.000206
-0.284528
0.090728
0.253603
0.053468
-0.367856
-0.174588
-0.138085
0.016075
0.173676
0.154394
-0.212278
-0.289233
-0.031144
0.023875
0.172969
0.061114
0.592569
0.437213
0.122096
0.303669
0.070820
0.070365
-0.123857
-0.010663
0.247663
0.242075
0.514213
0.274224
-0.089968
0.252676
-0.049896
0.788269
-0.047405
0.491785
0.579669
0.208609
0.622854
0.311582
0.653372
0.647707
0.767820
0.324767
0.666422
0.458002
0.282001
0.651969
1.008564
0.700213
0.963513
0.186747
0.245662
0.691489
0.795314
0.670411
0.849731
0.922054
0.768198
0.830193
0.560884
0.455142
0.497461
0.706977
0.431044
1.102661
0.779055
0.899876
0.680085
0.892226
1.027465
0.669368
0.397190
0.858700
1.013804
0.343945
1.178919
0.822885
0.645504
0.951285
1.096339
1.009246
0.504029
1.112939
1.028283
0.598988
1.004473
0.518855
0.715859
1.123545
0.952421
0.868683
1.166762
0.942016
0.793632
1.187784
0.763439
0.704980
0.698127
0.991021
1.231376
1.011806
0.971634
0.766571
1.264611
1.046094
0.755795
0.903530
0.995367
1.170609
1.159869
1.161076
0.941226
1.122142
0.832074
1.040664
0.733604
1.341064
1.330883
1.059611
1.318883
1.159329
0.530568
1.101543
0.608700
1.445249
1.060966
0.782098
1.015449
1.001905
0.991355
1.402363
0.945016
0.965927
1.239900
0.479379
0.802270
1.270656
1.309959
0.900273
0.884266
0.903274
0.789884
0.991041
0.717638
1.018025
1.137941
1.101060
1.115141
0.702838
0.537855
1.019388
0.901398
0.572631
1.072730
0.549477
0.977470
0.744534
0.600322
0.669731
0.507238
0.614369
0.692837
0.383676
0.768487
0.678180
0.351522
0.765460
0.876406
0.745435
0.617341
0.658781
0.466401
0.782536
0.554602
0.793205
0.379886
0.708416
0.359904
0.584292
0.608851
0.869555
0.631054
0.544014
0.181027
0.554223
0.127635
0.697053
0.048792
0.184410
0.099317
0.514214
0.345862
0.278143
0.635632
-0.090122
0.501042
0.068079
0.250295
0.053441
0.032244
-0.141717
0.260706
0.228345
0.216184
0.035190
-0.346857
-0.215675
-0.198662
-0.206067
0.054631
0.099279
-0.159708
-0.091458
0.552686
0.071035
-0.034800
0.380311
0.085407
-0.135508
-0.310023
0.389496
-0.460155
-0.117226
-0.404038
0.132937
-0.063221
0.388230
-0.099439
-0.110752
-0.240377
-0.782725
-0.344827
-0.257057
-0.324142
-0.390988
-0.302175
-0.535415
-0.711065
-0.316399
-0.530136
-0.361343
-0.359545
-0.662633
-0.689331
-0.563589
-0.547089
-1.176487
-0.588621
-0.871006
-0.423916
-0.612837
-0.468126
-0.699011
-0.626544
-0.697767
-0.351829
-0.555709
-0.309143
-0.591485
-0.905431
-0.367403
-0.780765
-0.814198
-0.942788
-0.800657
-0.779538
-0.690175
-0.969683
-1.056088
-0.778518
-0.702860
-1.377271
-0.696875
-0.412482
-1.115754
-0.752557
-0.673751
-1.288017
-1.261951
-0.861772
-0.829080
-0.792905
-1.203477
-1.043167
-1.141645
-0.978533
-1.142588
-0.352773
-1.150777
-0.835710
-0.657432
-1.028490
-0.984256
-0.808079
-1.198674
-1.083759
-1.010271
-1.104817
-0.931762
-1.097486
-0.772726
-1.180418
-1.539321
-0.856673
-1.359335
-1.187880
-0.991777
-1.487437
-1.156127
-1.397942
-0.758621
-1.055444
-0.767443
-1.227793
-0.940240
-0.911902
-0.871891
-0.831392
-0.983588
-1.281770
-1.336849
-1.272805
-0.704428
-0.817828
-0.925300
-1.074835
-0.570389
-1.051986
-1.226869
-1.018749
-1.053857
-0.746096
-0.880485
-1.225176
-0.951348
-0.603494
-0.669785
-0.881652
-0.973744
-1.094621
-1.285757
-0.932952
-0.771277
-1.045407
-0.229817
-0.562869
-0.882102
-0.642360
-1.076140
-1.039403
-0.646703
-1.178783
-0.631798
-0.496464
-0.725841
-0.563743
-0.751190
-0.838939
-0.267870
-0.634758
-0.744270
-0.707071
-0.440700
-0.614732
-0.899561
-0.692564
-0.157165
-0.821833
-0.633746
-0.723167
-0.838389
-0.575490
-0.461584
-0.378793
-0.757548
-0.388382
-0.047007
-0.428293
-0.197593
-0.087931
-0.365478
-0.599821
-0.036582
-0.195976
-0.414239
-0.507992
-0.307469
-0.149402
-0.461673
-0.320803
-0.290405
-0.516882
-0.531284
-0.175550
-0.061972
-0.242991
-0.297909
-0.219143
-0.422624
-0.350190
-0.408934
-0.245768
-0.294574
0.053808
0.193000
-0.122281
0.238986
-0.254505
-0.233072
-0.392105
0.212165
0.271360
0.120827
-0.302375
0.129001
-0.052864
-0.152010
-0.041240
0.283166
-0.113489
-0.118814
0.178420
0.091204
0.172184
0.320084
0.067104
0.372229
0.174401
-0.005511
0.246293
0.577875
0.584203
0.449951
0.327760
0.483933
0.166634
0.498324
0.299953
0.209540
0.384077
0.446936
0.405345
0.308980
0.442824
0.249234
0.160799
0.404207
0.175149
0.319291
0.902289
0.771957
0.523402
0.538085
0.454029
0.237689
0.327082
0.902607
0.927062
0.698562
0.852099
0.610133
0.834015
0.279146
0.845807
0.543000
0.918295
1.022041
0.778670
1.000526
0.781335
0.612256
0.665367
1.002842
0.605955
0.895026
0.696211
1.084471
1.102059
0.933025
1.051646
1.073769
0.967153
1.252838
0.542985
1.082446
0.966264
0.993982
0.666848
1.025818
1.090496
0.775673
1.145109
0.730767
0.925276
1.014426
1.080898
1.225646
1.046772
1.096208
1.526429
0.814273
0.848476
1.162987
0.652159
1.046997
1.232201
1.095625
1.191751
1.105096
0.836079
1.028113
1.135525
1.034268
1.037061
1.010400
0.950744
0.975882
1.013293
1.106578
0.744357
1.054489
1.241881
1.188671
0.899572
0.880249
0.824044
1.012016
0.965665
0.920814
0.747920
0.560660
1.136487
0.493412
0.644592
1.020045
0.833684
1.095025
1.072840
0.790002
0.903606
0.812813
0.374831
1.301197
0.875713
1.248746
0.837108
0.841622
0.920003
1.095081
0.924787
0.963571
1.055646
0.938085
0.583843
0.773995
1.079118
0.862918
0.446778
0.761820
0.911271
0.807761
0.713950
0.442102
0.650258
0.288903
0.816771
0.684550
0.444768
1.102572
0.674201
0.830275
0.579433
0.404301
0.414939
0.679217
0.637813
0.636673
0.703975
1.048799
0.507258
0.364738
0.581778
0.842846
-0.028256
0.779974
0.408155
0.762427
0.278972
0.173437
0.783020
0.424602
0.453850
0.181484
-0.216845
-0.240659
0.206936
0.311204
0.353033
0.494063
0.245868
0.103512
0.322041
-0.237305
0.287516
-0.142648
-0.414304
-0.042596
-0.199218
0.099013
0.082688
-0.182691
-0.021251
-0.160546
0.000605
-0.055799
-0.198804
-0.049831
-0.233657
-0.173967
0.174754
-0.141588
0.126691
-0.501205
-0.178101
-0.263875
-0.464999
-0.727343
-0.296777
-0.442174
-0.565916
-0.471859
-0.576282
-0.143389
-0.267839
-0.282986
-0.254371
-0.437170
-0.347633
-0.166414
-0.542734
-0.337746
-0.460275
-0.633348
-0.540737
-0.322751
-0.494073
-0.319299
-0.509531
-0.404776
-0.770071
-0.707229
-0.456080
-0.568035
-0.315043
-0.513351
-0.569904
-0.709045
-0.398179
-0.359984
-0.693101
-0.515154
-0.566225
-0.502622
-0.823616
-0.831897
-0.794174
-0.563305
-0.944896
-0.939848
-0.835480
-0.477108
-0.777804
-0.983400
-0.579313
-0.814332
-1.013128
-1.385193
-0.448411
-1.047619
-1.234995
-1.022830
-0.830013
-0.929486
-0.914655
-0.797314
-0.821546
-0.892274
-0.737931
-1.398719
-1.068221
-0.623206
-0.905603
-0.903182
-1.087647
-0.966992
-1.235328
-1.316026
-0.713978
-1.096916
-0.874376
-1.299209
-0.699843
-0.781810
-1.071598
-0.950970
-0.943460
-0.691700
-0.426817
-0.971996
-0.851611
-0.936964
-0.763223
-1.217660
-0.919173
-1.143789
-0.984487
-0.900514
-0.678694
-0.904902
-0.923032
-0.692362
-0.804433
-1.045802
-0.803885
-1.097651
-1.295027
-1.009299
-1.382411
-1.060216
-0.777868
-0.765796
-0.521821
-0.695013
-0.994273
-0.749319
-0.953837
-0.810043
-0.665520
-0.647141
-0.701231
-1.168035
-0.623889
-0.863447
-0.865742
-0.988127
-0.513975
-0.793053
-0.607161
-1.089813
-0.977425
-0.819324
-0.604352
-1.162257
-1.036697
-0.638893
-0.494676
-0.834832
-0.901746
-1.011197
-0.837507
-0.631767
-0.953751
-0.446780
-0.249032
-0.890251
-0.581255
-0.655809
-0.745808
-0.722371
-0.691006
-0.410625
-0.413602
-0.518099
-0.687077
-0.431619
-0.586257
-0.330013
-0.717289
-0.441813
-0.752671
-0.672393
-0.323618
-0.502756
-0.211832
-0.485914
-0.539344
-0.126314
-0.411197
-0.367757
-0.527066
-0.217762
-0.890899
-0.512909
-0.671150
-0.202013
-0.612029
0.109318
0.012029
-0.087614
0.006657
-0.262180
-0.023556
0.159813
-0.214196
0.108005
0.162894
-0.240285
-0.017766
0.234180
0.301819
0.045108
0.145274
0.259271
-0.056495
0.418808
0.066493
-0.200058
0.036162
-0.079403
0.108549
0.002404
0.195364
-0.155684
0.082741
-0.131919
0.421640
0.478055
0.117731
0.241728
0.555413
0.417650
0.061711
0.449234
0.319959
0.238002
0.382657
0.090755
0.075064
0.330429
-0.011009
0.280976
0.380820
0.893780
0.344033
0.337579
0.169791
0.681933
0.563617
0.523535
0.399740
0.495894
0.461742
0.573616
0.753075
0.400628
0.600258
0.725713
0.762011
0.378119
0.648257
0.931259
0.473656
0.746436
0.676917
0.764439
0.848997
0.938057
1.205151
0.539458
1.079109
0.637318
0.825719
0.735309
0.709986
0.445450
0.412908
0.887332
0.856774
0.872685
1.058920
1.064182
0.701187
0.956058
1.182400
0.386452
0.842995
1.132043
0.862533
0.875689
1.037067
1.421336
0.824545
1.431859
0.897602
0.652729
1.283946
0.921775
1.337519
0.976019
0.879688
0.869473
1.305871
1.098909
1.171047
1.147639
0.635667
1.276176
0.952144
1.077665
1.080354
1.276870
1.096973
0.825523
1.064586
1.406818
1.182508
1.135289
1.258444
1.531203
1.210635
1.182689
0.990959
1.027812
0.870599
1.069404
1.038344
1.183219
0.990244
1.094979
1.026611
1.147645
0.789936
1.020448
0.802053
0.537465
1.050996
1.296658
1.333645
0.792806
0.724182
1.049775
1.134276
0.955192
0.676484
1.108262
1.055944
0.759979
1.289639
0.983981
0.551614
0.926496
0.946680
0.764953
1.132209
1.215084
0.898190
0.645399
0.755332
0.713364
0.925005
0.522843
0.413144
0.064584
0.602377
0.872091
0.445390
0.579109
0.643432
0.823032
0.112373
0.522090
0.736130
0.852766
0.742803
1.008492
0.954787
0.466804
0.308793
0.536866
0.561382
0.501909
-0.007306
0.108885
0.219015
0.561976
0.432637
0.767701
-0.100795
0.563752
0.417490
0.325593
0.061810
0.258341
0.682520
0.238480
-0.123590
0.139941
0.246893
0.042494
0.077712
0.277018
0.311797
-0.050825
0.513582
0.207220
-0.039745
-0.284306
-0.091340
0.227283
0.247427
-0.255247
0.168148
0.210352
0.076436
-0.031197
-0.481705
0.099398
0.097591
-0.150984
-0.186529
-0.317506
-0.167871
-0.373639
-0.205091
0.072235
-0.027415
-0.205718
-0.365670
-0.307920
-0.355117
-0.520165
-0.349175
-0.452641
-0.522176
-0.508879
-0.548021
-0.329648
-0.265570
-0.156665
-0.429754
-0.571239
-0.077472
-0.230176
-0.634419
-0.546593
-0.470110
-0.567959
-0.632730
-0.141351
-0.487735
-0.878499
-0.902666
-0.268219
-0.761018
-0.553843
-0.775091
-0.783414
-1.005601
-0.610764
-0.539502
-0.891981
-0.685113
-0.347244
-1.392932
-0.563805
-0.693044
-0.655294
-0.371414
-0.406898
-0.449847
-0.850500
-1.176891
-0.772604
-1.006783
-1.063900
-0.921147
-0.878889
-0.999326
-1.767427
-1.296892
-0.951706
-1.210829
-0.557310
-0.812251
-1.139497
-1.066570
-1.203659
-0.961774
-0.977337
-0.857519
-1.264865
-1.278413
-0.897347
-0.970623
-1.288352
-1.029806
-0.523558
-1.306666
-1.020303
-1.196725
-1.087699
-1.157954
-1.044385
-0.999830
-0.647256
-0.839989
-1.201242
-0.933805
-1.187154
-0.956209
-1.008921
-1.234432
-1.008400
-0.917814
-1.272246
-0.981877
-0.942664
-1.199518
-1.001856
-1.082566
-0.715044
-0.897016
-1.220493
-1.180622
-1.031732
-0.553826
-1.097521
-1.008477
-0.725357
-0.687505
-1.027648
-0.781709
-0.930305
-0.657125
-0.725364
-1.010955
-1.208754
-0.928106
-1.341393
-0.721838
-0.679497
-0.964372
-0.969436
-0.377222
-0.596236
-0.574939
-0.972046
-0.766808
-0.613692
-1.118275
-0.610742
-0.895666
-0.633228
-0.834612
-1.031315
-0.052142
-0.436180
-0.628666
-0.346014
-0.519716
-0.655802
-0.738790
-0.411441
-0.495287
-0.766238
-0.425141
-0.934415
-0.690037
-1.049543
-0.728156
-0.487838
-0.909097
-0.367288
-0.329244
-0.941281
-0.627364
-0.314612
-1.052709
-0.446037
-0.309953
-0.451380
-0.317010
-0.388065
-0.425887
-0.275254
-0.545040
-0.014215
-0.402144
0.041502
-0.492366
-0.116495
-0.364301
-0.209733
-0.321773
-0.154131
-0.037246
-0.229050
-0.668358
-0.152486
-0.302521
-0.134474
-0.139329
-0.155568
-0.094753
0.043624
-0.098751
0.127378
0.466118
0.268690
-0.083051
0.406864
0.111836
0.196330
0.143691
0.046424
0.454869
-0.017280
0.192743
-0.051631
0.320623
0.517106
0.084353
-0.011365
0.155292
-0.049404
0.308392
0.552505
0.004925
0.598986
0.433680
0.479004
0.370741
0.552846
0.417706
-0.027311
0.695633
0.510836
0.512706
0.776919
0.090593
0.473871
0.388730
0.460039
0.539708
0.445784
0.587896
0.499225
0.577449
0.570146
0.328206
0.683134
0.467812
0.708756
0.573331
0.348280
0.879047
0.784909
0.682605
0.255236
1.044115
0.664791
0.431396
0.881282
0.693735
0.961467
0.618727
0.805023
0.698998
0.588207
0.900209
0.669710
1.157053
0.968394
0.452744
0.030605
0.510479
0.728058
0.782753
0.794781
0.890125
0.658045
1.061428
1.351982
0.829246
0.991946
0.908496
0.899665
1.224867
1.082989
0.719921
1.016425
1.208408
1.400781
0.856082
1.139964
1.253506
1.032972
1.094053
0.742280
1.074538
1.342774
1.114766
1.314724
1.225985
0.988156
1.022101
0.980064
0.983120
1.321352
1.097534
1.280805
1.303048
1.107798
1.000286
0.842799
1.000192
0.940546
0.666428
0.966559
0.772101
1.154301
0.909392
0.958074
1.150087
1.218220
1.165548
0.662589
0.829935
0.873323
1.145094
0.880228
0.683719
1.309984
1.031006
1.240775
0.595496
1.025215
0.848439
0.884118
1.039639
1.183749
0.899494
0.959096
1.040271
0.509485
0.894238
0.798959
0.366699
0.791590
1.142529
0.729167
0.871485
0.673752
0.707745
0.696375
0.738388
1.095750
0.513968
0.755125
0.490424
0.477237
0.527402
0.973185
0.639669
0.797750
0.535305
0.248756
0.252743
0.526339
0.561904
0.875743
1.094093
0.720386
0.719869
0.331235
0.424378
0.400524
0.599753
0.534107
0.415585
0.509903
0.655053
0.548324
0.373153
0.612769
0.630010
0.599592
0.701906
0.419826
0.411951
0.287196
0.081467
0.236885
0.409626
0.316735
0.282627
0.284750
0.306825
0.236273
-0.227275
0.244871
0.114265
0.287055
0.046315
0.206600
0.135631
-0.014267
0.095243
-0.464701
-0.062113
0.079970
-0.109155
-0.100719
-0.100118
-0.070469
0.026527
0.142613
0.143726
-0.130532
0.245254
0.040190
-0.130739
0.139892
-0.390152
0.149544
0.059593
0.101269
-0.280032
-0.530420
-0.454956
-0.344559
-0.297589
-0.367447
-0.057681
-0.355801
-0.688190
-0.328681
-0.514243
-0.755111
-0.926975
-0.197180
-0.138939
-0.432620
-0.307835
-0.484709
-0.386429
0.289741
-0.152220
-0.668818
-0.658422
-0.519960
-0.536287
-0.726459
-0.756959
-0.781956
-0.859161
-0.666809
-0.689262
-0.723933
-1.052762
-0.930053
-0.843661
-0.753268
-0.893174
-0.755899
-0.717540
-0.926492
-1.136916
-0.848493
-0.898512
-1.182487
-0.745075
-0.998070
-0.577027
-0.674915
-0.828040
-0.539459
-1.194909
-0.515850
-0.358860
-0.849723
-1.126594
-0.942529
-0.928266
-1.132809
-1.502932
-0.974563
-1.115256
-1.106823
-1.001502
-0.991217
-0.985651
-0.789196
-1.308582
-0.913240
-1.096834
-0.836496
-0.888855
-0.998081
-1.090370
-0.708251
-0.889724
-1.038695
-0.997095
-0.951074
-1.268444
-1.331344
-1.296451
-1.261310
-0.812236
-1.380174
-0.770823
-0.933805
-0.838030
-0.858101
-0.978348
-1.170713
-1.075266
-0.640215
-1.298695
-1.278378
-1.062608
-0.866384
-0.667164
-0.737412
-1.102694
-0.440404
-0.905300
-1.121472
-1.000317
-0.862171
-0.955379
-0.679914
-0.668920
-1.357125
-1.134295
-0.952052
-1.228655
-0.669273
-0.578942
-0.628691
-1.095195
-0.628959
-0.562752
-1.127104
-0.821109
-0.325304
-0.511964
-1.082182
-0.700191
-0.850052
-0.965025
-1.189651
-0.941190
-0.369197
-0.625275
-0.616729
-0.584331
-0.452089
-0.802583
-1.109263
-0.525504
-0.865647
-0.320781
-0.363880
-0.503999
-0.547015
-0.396000
-0.717799
-0.494199
-0.337600
-0.499541
-0.585681
-0.517165
-0.582595
-1.011779
-0.558829
-0.262004
-0.441719
-0.518064
-0.324246
-0.656131
-0.648886
-0.733194
-0.326706
-0.323730
-0.177341
-0.476024
-0.260780
-0.555661
-0.482696
-0.294321
-0.370352
0.218996
0.214993
-0.361622
-0.626112
-0.202306
-0.359710
0.205596
-0.349687
-0.079686
-0.312066
-0.102788
-0.077563
0.173267
0.071007
0.344152
0.124087
0.066095
-0.040836
-0.108526
-0.128684
0.119467
-0.175862
0.503902
-0.052117
-0.079138
0.002178
-0.036772
-0.022685
0.458530
0.233642
0.255824
0.411583
0.450531
0.500435
-0.057480
0.556232
0.208193
0.318736
0.142368
0.223364
0.099974
0.625262
0.222720
0.370943
0.357408
0.335096
0.678318
0.212707
0.215955
0.458209
0.556260
0.551741
0.940404
0.620997
0.254517
0.439934
0.442136
0.560584
0.897457
0.392230
0.414613
0.440104
0.296922
0.582170
0.534017
0.817266
0.878611
0.950387
0.770087
0.815192
-0.087140
0.553375
0.831763
0.965311
0.386336
0.921532
0.688070
0.876769
0.785348
0.945933
0.941335
0.675463
0.739161
0.733089
1.244430
0.714454
0.606370
0.746137
1.083719
1.068122
0.910286
0.812228
0.712738
0.935683
0.972421
0.994481
1.352432
1.082046
0.586253
0.760891
0.619409
0.827881
1.244325
0.841826
0.817261
1.004636
1.012526
1.000731
1.177208
0.875046
1.572779
1.156176
1.010300
1.066814
0.870292
1.269212
1.124408
0.977076
1.134724
1.128529
1.058503
1.140548
0.846550
0.923716
1.285127
0.855439
0.901501
1.277071
0.963338
0.874449
0.863520
1.036384
1.335207
0.854328
1.056568
1.095552
0.789712
0.885931
1.007084
0.729402
0.956146
0.962388
1.095168
0.604462
1.031206
0.840264
1.040552
0.597745
0.919450
0.729906
0.893165
1.005340
0.835483
1.114750
1.055331
1.158889
1.061080
0.580091
0.589026
0.805430
0.504840
1.440387
0.677772
0.886731
0.638401
0.801782
0.884391
0.919680
0.682311
0.902834
0.902400
0.930525
0.722160
0.775306
0.645899
0.701283
0.518521
0.865410
0.911725
1.099103
0.785035
0.811967
0.272802
0.606545
0.880839
0.589654
0.358626
0.221746
0.689006
0.229866
0.475838
0.434548
0.651182
0.474064
0.198336
0.508227
0.381264
-0.067872
0.074864
0.537256
0.113114
-0.098780
0.065395
0.159544
0.682282
0.374783
0.003378
0.480335
0.587505
-0.053091
0.184196
-0.160990
0.459073
-0.033785
-0.126923
-0.450722
0.063487
-0.148921
-0.014551
0.058147
-0.426028
0.307783
0.249998
-0.179790
-0.050058
-0.319926
-0.083791
-0.073776
0.073210
-0.009703
0.137049
0.003425
-0.190680
-0.035768
-0.130618
-0.227975
-0.167956
0.056618
-0.472578
-0.378935
-0.274089
-0.602388
-0.552838
-0.491196
-0.370122
-0.324025
-0.267649
-0.227876
-0.339982
-0.280819
-0.391019
-0.491446
-0.544801
-0.365351
-0.345019
-0.579306
-0.593335
-0.980987
-0.347931
-0.484449
-0.736341
-0.947431
-0.489874
-0.398069
-0.649934
-0.406319
-0.303584
-0.631303
-0.751568
-0.972350
-0.819790
-0.298903
-0.819570
-0.664973
-1.021458
-0.693636
-0.662836
-0.617978
-0.862888
-0.963018
-0.677259
-0.744742
-0.919687
-0.972146
-1.017261
-0.747830
-1.212805
-1.294791
-0.823411
-1.108752
-1.149201
-0.624811
-0.766199
-1.115465
-1.387723
-0.759857
-0.958078
-0.729240
-0.714515
-0.693328
-1.292792
-1.191275
-1.387900
-1.271038
-1.126911
-1.344272
-0.993745
-1.069295
-0.926349
-1.013847
-1.139665
-1.019328
-1.051264
-1.205368
-0.937928
-1.230462
-0.992074
-1.375801
-1.469756
-1.063387
-0.496729
-0.950918
-0.846841
-0.646821
-0.922614
-1.262578
-0.768965
-1.155396
-1.137472
-0.989263
-0.760351
-1.407165
-0.754431
-0.825281
-0.655501
-0.974992
-1.166841
-1.026790
-0.439433
-0.844484
-1.105025
-0.237360
-0.616986
-1.137024
-0.627965
-0.691250
-0.798573
-1.208063
-0.707012
-0.945865
-0.800818
-1.101003
-0.940292
-0.945274
-0.402240
-0.847426
-0.882318
-0.389677
-0.948162
-0.683953
-0.841876
-0.614387
-0.800827
-0.687570
-0.842142
-0.725658
-0.781509
-1.027337
-0.780566
-0.483122
-0.394269
-0.634013
-0.700594
-0.609472
-0.735379
-0.632977
-0.485460
-0.595513
-0.834008
-0.682867
-0.446179
-0.817789
-0.672042
-0.067480
-0.810449
-0.426172
-0.968951
-0.482894
-0.380662
-0.441810
-0.190882
-0.427594
-0.250295
0.071883
-0.535909
-0.244524
-0.555955
-0.225173
0.123705
-0.096562
0.052615
-0.234231
-0.369100
-0.239975
-0.052103
-0.220397
-0.170225
-0.393820
-0.337002
-0.040306
-0.090492
-0.219667
-0.292411
-0.167258
0.043029
-0.070492
0.008309
0.098060
-0.065785
0.092597
0.218907
-0.020455
-0.029151
0.035265
-0.069155
0.170887
0.140383
0.181775
0.062609
-0.079649
0.257668
0.404487
0.422438
0.179320
0.105218
-0.022515
0.439745
0.630116
0.597651
0.003252
0.133855
0.164902
0.174138
0.551072
0.363810
0.485642
0.119445
0.375037
0.550894
0.336064
0.703511
0.525477
0.731376
0.666428
0.643176
0.377582
0.682571
0.469857
0.337807
0.766643
0.600068
0.758709
0.478711
0.442679
0.756256
0.760447
0.314568
0.675753
0.518593
0.668890
0.912518
0.627394
1.182113
0.666599
0.794374
1.097666
0.345728
0.971396
0.523022
0.871700
0.841731
0.917506
0.840867
0.906993
0.457663
0.883682
1.201247
0.932528
1.297613
1.031486
0.935536
0.758034
1.065367
0.832219
0.787243
0.860362
0.926196
1.132155
0.903399
0.962755
0.855028
1.240432
1.052190
0.944277
0.818433
1.417210
0.909767
1.036131
0.906812
0.876939
0.840802
1.083049
1.083462
0.711514
0.773091
0.822096
1.105926
0.797567
0.841820
1.166853
1.338282
1.230831
1.164045
0.813043
0.775586
1.055775
0.978937
0.436812
0.955912
1.656389
1.246439
1.109890
1.243944
0.508052
0.792661
1.147379
1.006207
1.075439
1.161175
1.063349
0.947418
1.030900
1.017592
0.816440
1.151542
1.010230
0.651078
0.806611
0.928938
0.558655
0.912726
1.180808
0.881398
0.869392
0.493472
0.491495
0.846580
0.660177
0.776130
0.667505
0.918571
0.450681
0.519541
1.039382
0.928454
0.902294
0.280812
0.353839
0.942448
0.509957
0.615746
0.599640
0.652927
0.810244
0.511343
0.572069
0.442254
0.567655
0.451182
0.493057
1.245458
0.779475
0.809598
0.274450
0.845564
0.601160
0.560185
0.350751
0.750303
0.215107
0.550638
0.338019
0.030021
0.362705
0.868606
0.726889
0.481919
0.151038
0.324924
0.121897
0.180415
0.243260
0.088820
0.399536
0.179474
0.025552
0.334771
0.090309
0.189573
-0.235174
-0.012163
0.118603
0.080714
0.010163
0.199777
-0.247088
0.239001
-0.014122
-0.073913
-0.378949
-0.133850
0.165190
0.207270
-0.324537
-0.291542
-0.228873
0.082013
-0.014965
-0.239124
0.040974
-0.464854
-0.433964
-0.169680
0.007077
-0.092603
0.046730
-0.026019
-0.621270
-0.283504
-0.170808
-0.121883
-0.357913
-0.186121
-0.444649
-0.387181
-0.070028
-0.675067
-0.672886
-0.246238
-0.878277
-0.764923
-0.189753
-0.630471
-0.652312
-0.662045
-0.385835
-0.307732
-0.476548
-0.579550
-0.682580
-0.779323
-0.710384
-0.866812
-0.766945
-0.983459
-1.042476
-0.841243
-0.737323
-0.597955
-0.834989
-0.844384
-1.031492
-0.827856
-0.463928
-1.036618
-0.939404
-0.261927
-0.560189
-0.884799
-1.095894
-0.808943
-0.664561
-0.903871
-1.067363
-1.132819
-1.161460
-0.954051
-0.846697
-0.958404
-1.154861
-0.655840
-1.369394
-0.452636
-1.236953
-1.441665
-0.458395
-1.479082
-0.884986
-1.002478
-0.824212
-0.466816
-0.787941
-0.768370
-0.746439
-0.546478
-1.006950
-1.127440
-0.723528
-0.976571
-1.017796
-0.886397
-1.431806
-0.917303
-0.621823
-0.920495
-1.030952
-1.152486
-1.007004
-1.079238
-1.005704
-1.356582
-1.534121
-0.679001
-1.018710
-1.060040
-1.155091
-1.164504
-1.217112
-0.646013
-1.209524
-1.058685
-0.891503
-0.602181
-1.023392
-0.636781
-0.788350
-0.908360
-0.819434
-0.804602
-0.412390
-0.429705
-0.872076
-0.862529
-1.202037
-0.404827
-0.856072
-0.926501
-0.957708
-0.379402
-1.336534
-0.577543
-0.753540
-0.954371
-0.832006
-0.917016
-0.859054
-0.807778
-1.007678
-0.865780
-0.668190
-0.790660
-0.857894
-0.835416
-0.863586
-0.713026
-0.564167
-0.703436
-0.682685
-0.606262
-1.366540
-0.433154
-0.693852
-1.066229
-0.588478
-0.730675
-0.845201
-0.454201
-0.488135
-1.264000
-0.426493
-0.608846
-0.193961
-0.270416
-0.512148
-0.470790
-0.121472
-0.545869
-0.420417
-0.495438
-0.098945
-0.532806
-0.362294
-0.323803
-0.288214
-0.437023
-0.457242
0.022035
-0.203977
-0.185052
-0.665682
-0.267390
-0.233119
0.098232
0.011912
-0.492972
-0.279266
-0.435556
0.270438
0.078622
0.073946
0.035026
-0.272255
-0.061463
0.057678
-0.048532
-0.136706
0.219033
0.004709
-0.029422
-0.070022
0.207171
0.070556
-0.135054
0.235267
0.305768
-0.218432
0.135629
-0.032390
0.086498
0.172747
0.333753
0.137529
0.497825
0.095349
-0.206585
0.405092
0.362077
0.321981
0.639158
0.566826
0.446157
0.439402
0.289089
0.417038
0.810056
0.925158
0.572451
0.513677
0.618812
0.186776
0.539718
0.135142
0.462691
0.684740
0.794735
0.299267
0.272809
0.840955
0.395855
0.257786
0.826915
0.641588
0.555913
0.873199
0.502234
0.435942
0.778010
0.470984
0.334071
0.661546
0.789795
0.505084
0.871136
0.823919
0.957215
1.011221
0.680770
0.864683
0.739778
0.846489
0.735221
0.863731
0.736250
0.945613
0.975203
1.066416
1.217630
0.477295
0.487371
0.918452
1.051208
0.947233
0.809994
0.748998
1.109105
1.011765
0.980639
1.033068
1.082089
0.615112
0.875607
0.780125
1.202085
0.931647
1.154559
0.677360
1.139871
0.954597
0.772731
0.823408
0.661495
0.870079
1.072561
1.150334
0.858846
1.006225
0.973661
0.683425
0.877881
0.972801
1.131597
1.410549
1.200888
0.734711
0.539436
0.921461
0.780042
0.978749
1.110812
1.150007
1.294708
0.761381
0.764757
1.171952
1.021722
0.771533
0.767820
0.859134
1.008213
0.867510
1.302654
1.206438
1.177144
1.151637
1.222460
0.604518
1.161431
0.957659
1.134207
0.615916
1.117959
0.669332
0.803617
0.790476
0.963659
0.649243
0.644146
1.149154
1.020585
1.127923
0.543582
0.850995
0.880660
0.797242
0.278180
0.417877
0.649457
0.751385
0.928212
0.717136
0.849862
0.690431
0.491793
0.652396
1.025878
0.877416
0.179270
0.766587
0.241648
0.690911
0.761992
0.441820
0.188037
0.284614
0.574519
0.829660
0.482114
0.541427
0.291015
0.301333
0.213050
0.282031
0.565484
0.426871
0.641314
0.248854
0.248656
0.307770
0.485542
0.074122
0.265898
0.514425
0.377779
0.683464
0.024762
0.367843
-0.070525
0.031798
0.140803
0.188754
0.263457
0.112079
-0.333258
0.008118
-0.110435
-0.091534
-0.103911
-0.090458
0.403437
-0.216357
0.081132
0.126682
0.407433
0.256570
0.086023
-0.249016
-0.056180
0.050429
-0.090183
-0.140306
-0.123450
0.072501
-0.253225
-0.155839
-0.307455
0.040157
-0.426758
-0.184124
-0.311393
-0.002196
-0.882937
-0.335416
0.344448
-0.489298
-0.179326
-0.151091
-0.707577
-0.399721
-0.417396
-0.314799
-0.181750
-0.292284
-0.260247
-0.423331
-0.316093
-0.381488
-0.698938
-0.046736
-0.665355
-0.802908
-0.478410
-0.390281
-0.716166
-0.864280
-0.940566
-0.467685
-0.241899
-1.233609
-0.465168
-0.873376
-0.206867
-0.562004
-0.554133
-1.307275
-1.278527
-0.673277
-0.958741
-1.001155
-0.728229
-0.933817
-0.738290
-0.884430
-0.452634
-1.076413
-1.070568
-1.177057
-0.819618
-1.010216
-0.846852
-1.076418
-0.832282
-1.092331
-0.951963
-0.724620
-0.966437
-1.166676
-1.040601
-0.822472
-0.822783
-0.829420
-1.041015
-0.811692
-0.828997
-0.937096
-0.866784
-0.487017
-0.510304
-1.323110
-1.543296
-0.755659
-0.772821
-1.058130
-1.107186
-1.078301
-1.070001
-1.044892
-1.302847
-1.514512
-0.815260
-0.891303
-1.004898
-0.439076
-1.332908
-1.196549
-1.142617
-1.031846
-1.075775
-0.947304
-1.239865
-0.917359
-1.024760
-0.876055
-0.748066
-1.353413
-0.667131
-0.573132
-1.038944
-0.711447
-0.955215
-1.107695
-1.312455
-0.927085
-1.017995
-1.363456
-0.995751
-1.169978
-0.879420
-0.715114
-1.143420
-0.975996
-0.474130
-0.722682
-0.659145
-1.014267
-0.638353
-0.871570
-0.862862
-0.853656
-0.501134
-0.841583
-1.087521
-1.057062
-0.679344
-1.205311
-1.017846
-0.420560
-0.750372
-1.127963
-0.518466
-1.112831
-0.713878
-0.653362
-0.374086
-0.778009
-0.450649
-0.711790
-1.090147
-0.734361
-0.541688
-0.585299
-0.350931
-0.451047
-0.510466
-0.407097
-0.342061
-0.382384
-0.424210
-0.864032
-0.771313
-0.551355
-0.979401
-0.344576
-0.517302
-0.412621
-0.419556
-0.284051
-0.282456
0.151836
-0.288619
0.003168
-0.242749
-0.135377
-0.111917
-0.022775
-0.365307
-0.306871
-0.037811
-0.098130
0.097365
-0.006783
-0.148378
0.134305
0.085980
-0.145856
0.369776
0.275956
-0.154604
-0.047075
0.490112
-0.050280
0.272217
0.107068
0.030239
0.444582
0.042142
-0.171196
-0.100514
-0.014310
0.275690
0.104086
0.645659
0.150000
0.237965
0.611351
0.322537
0.306386
0.321364
0.371889
0.135445
0.912502
0.549021
0.467271
0.079475
0.054243
0.372500
0.354940
0.607281
0.401380
0.383501
0.294194
0.569369
0.452662
0.953892
0.845562
0.679524
0.628258
0.045588
0.346417
0.803245
0.432010
0.719823
0.988344
0.672207
0.599048
0.525250
0.788408
0.342781
0.629893
0.494139
0.832255
1.113958
1.088394
0.985363
0.700703
0.536932
0.489279
0.745837
0.742717
0.957334
0.380358
1.109677
0.744287
0.797296
1.014763
0.672983
0.578746
1.037131
0.888753
0.985121
0.672718
0.826100
0.664646
0.665895
1.294802
0.607567
0.761588
1.169800
0.949671
1.146572
1.017416
0.833688
1.301084
1.187226
1.001614
0.822619
1.117967
1.041402
1.142531
0.804473
1.106133
0.852101
0.915552
0.378944
0.857074
1.150832
0.765053
0.738071
0.836187
1.253419
1.087440
0.907463
1.528834
0.786094
1.020933
0.734367
1.232973
1.243869
1.051408
1.009674
1.105955
0.883342
0.695896
0.897408
1.260293
0.633646
1.001072
0.704777
0.812234
0.943816
1.128903
1.214319
1.280856
0.893327
0.870693
0.742175
0.878316
1.159035
0.887723
0.898696
0.938936
1.002032
0.414951
0.859627
1.043577
0.575594
0.804653
0.605596
1.094426
1.219593
0.857918
0.691812
0.904885
0.575685
0.729065
0.872900
0.704280
0.724635
0.830802
0.851759
0.951254
0.545556
0.446345
0.628648
0.304993
0.404536
0.607172
0.574381
1.114957
0.469119
0.780789
0.608216
0.690866
0.631989
0.399171
0.628074
0.371151
0.433371
0.644901
0.362521
0.071153
0.640671
0.200800
0.543934
0.542243
0.296464
0.489613
0.143467
0.848017
0.116307
-0.099423
0.107599
0.504751
0.436344
-0.005702
0.263231
0.188794
0.148931
0.259897
-0.047542
-0.066581
-0.018924
-0.064515
-0.258661
0.137339
-0.153264
0.367828
0.148428
0.245584
-0.049843
0.239622
-0.500381
-0.075336
0.114990
0.391208
0.099050
-0.460232
-0.179788
0.163959
-0.135460
0.016384
0.174201
0.207595
-0.211754
-0.235512
-0.351818
-0.555898
-0.755765
-0.145311
-0.481821
-0.544889
-0.362708
-0.381880
-0.454632
-0.396622
-0.218917
0.106310
-0.660266
-0.094265
-0.356071
-0.717248
-0.191527
-0.719670
-0.505630
-0.328114
-0.538355
-0.600587
-0.402502
-0.445877
-0.385240
-0.302193
-0.872414
-0.576500
-0.699209
-0.536527
-0.713545
-0.931175
-0.941993
-0.578730
-0.701349
-0.787706
-0.660840
-0.514620
-0.779544
-0.780167
-0.898519
-0.844810
-0.629190
-1.034209
-0.743446
-0.719463
-0.919829
-0.435124
-0.908966
-0.772436
-0.483012
-0.643480
-1.191847
-0.979633
-0.979452
-0.788886
-0.807345
-0.958863
-1.124422
-0.862934
-1.400217
-1.105536
-0.807798
-0.721460
-1.067867
-0.710371
-1.218656
-1.221719
-1.263164
-1.042757
-1.097269
-1.064301
-1.209861
-0.837858
-1.169882
-0.999748
-1.169515
-1.132358
-1.013802
-0.911576
-0.873761
-0.694671
-1.261676
-1.193042
-1.362204
-1.064507
-1.107929
-0.692564
-1.245321
-0.706956
-1.248447
-1.233053
-1.122895
-1.132078
-1.101942
-0.730851
-0.644399
-0.757908
-0.935735
-0.974973
-1.054221
-1.181647
-0.855334
-1.099935
-0.746063
-0.851654
-1.305010
-0.854178
-0.413208
-0.806662
-0.723166
-0.922517
-0.908502
-0.654726
-0.978289
-1.280042
-0.808539
-0.600682
-0.728499
-0.721779
-1.015949
-0.436458
-0.959176
-0.755600
-0.809276
-0.758248
-1.047139
-0.618822
-0.377939
-0.889031
-0.503581
-0.271669
-1.028665
-0.737019
-1.024503
-0.847692
-0.834299
-1.065768
-0.746053
-0.590736
-0.719332
-0.628197
0.080668
-0.303432
-0.131174
-0.764872
-0.052206
-0.508361
-0.025653
-0.298727
-0.645526
-0.516371
-0.747409
-0.502779
-0.226418
-0.729128
-0.519129
-0.895036
-0.239820
-0.455900
0.005222
-0.320972
-0.464046
-0.199576
-0.390716
-0.415897
-0.385269
-0.169150
-0.016011
-0.404596
-0.227309
0.238115
-0.300730
-0.061966
0.305850
-0.397356
0.111617
-0.384660
0.529974
0.086815
0.041267
0.639708
-0.237323
-0.419231
0.156304
0.093621
0.235937
0.116483
0.156346
-0.079142
0.207619
0.326134
0.009913
0.058916
0.103305
0.385106
-0.079456
-0.151400
0.027729
0.339461
0.071556
0.592940
0.144318
0.461436
0.294931
0.144025
0.524041
0.473558
0.268177
0.628526
0.408211
0.588862
0.412630
0.415751
0.213266
0.674980
0.570616
0.714007
0.705360
0.427901
0.621056
0.414414
0.476061
0.316202
0.790612
0.510083
0.300647
0.366699
0.727424
0.430852
0.712872
1.006185
0.593816
0.481662
0.954283
0.636153
0.909485
0.510222
0.519741
0.768067
0.723700
0.312485
0.690181
1.074203
0.650020
0.626252
1.104045
0.427348
0.821875
1.229343
0.907809
0.415272
0.817675
0.704364
0.947535
0.742339
0.672470
0.866746
1.194708
0.833982
1.073432
0.734634
0.648908
1.186815
1.329939
1.193797
0.684769
1.078715
1.539944
0.802699
0.944330
1.177244
0.786438
0.681009
0.899154
0.786475
1.165444
1.020990
1.130365
1.197795
1.151612
1.152329
1.380125
0.883223
1.025538
0.973521
1.190915
0.908883
1.356978
1.466595
0.906961
0.931730
0.983896
1.115913
1.497313
1.054307
0.804420
1.109284
0.983301
0.940733
0.781315
1.260057
0.901225
1.148433
0.864203
1.004957
0.959712
0.949331
0.781150
0.591537
0.939257
0.415685
0.872733
1.144660
1.163254
1.210714
1.030057
0.921431
0.799024
0.762550
0.973922
0.744484
0.839979
0.640855
0.705388
0.723019
0.446097
0.878591
0.736051
1.031216
0.686428
0.692515
0.544051
0.659026
0.925925
0.345521
0.701877
0.905783
0.590608
0.394969
0.978286
0.502896
0.634027
0.598793
0.792761
0.418498
0.799123
0.512524
0.266057
0.687163
0.709102
0.159547
0.229513
0.190465
0.811939
0.549365
0.542276
0.767485
0.347304
0.343411
0.652115
0.332894
0.696940
0.438842
0.052412
0.144291
0.427701
0.355943
0.584000
0.498776
0.411451
0.167474
0.343774
0.014264
0.252553
0.269250
-0.042564
-0.004895
0.030583
0.032194
0.204034
-0.025880
-0.095624
0.315012
-0.218480
0.014203
0.134297
0.169030
-0.045737
-0.042317
-0.353792
-0.246885
0.279264
0.092690
0.102794
-0.327166
-0.024967
-0.257333
-0.044976
-0.774950
-0.224613
-0.326321
-0.682014
-0.212007
-0.106698
-0.488144
-0.565281
-0.424093
-0.266174
-0.215684
-0.832136
-0.466525
-0.297266
-0.315417
-0.540380
-0.541368
-0.914001
-0.354237
-0.742845
-0.928123
-0.581441
-0.429498
-0.392444
-0.672278
-0.773774
-0.221692
-0.400679
-0.731777
-0.505686
-0.820625
-0.489787
-0.680978
-0.431899
-0.338359
-0.933786
-0.455902
-0.466729
-0.659341
-0.334919
-0.877582
-0.909710
-0.806082
-0.595663
-0.932000
-0.644845
-1.083150
-0.598249
-0.869245
-0.963046
-1.108909
-0.848059
-0.650602
-1.042680
-0.996403
-1.512851
-1.213951
-1.028253
-1.017013
-1.200577
-0.726083
-0.757119
-1.151953
-1.131716
-0.903400
-0.937513
-0.537675
-0.396261
-0.844611
-1.064816
-0.741092
-1.145620
-0.923570
-1.302562
-1.176965
-1.264225
-1.175451
-0.755634
-0.876148
-1.089381
-1.041722
-1.165166
-0.894393
-0.698199
-1.169051
-0.943460
-0.925625
-0.998466
-1.455872
-0.822880
-1.297769
-0.776042
-1.325536
-0.902117
-0.867261
-0.870831
-0.881519
-0.956338
-1.184643
-0.810066
-0.982813
-0.662986
-1.061997
-1.233939
-1.275035
-1.063271
-0.813817
-0.879637
-0.913631
-0.391249
-0.920696
-0.645330
-0.915868
-0.761838
-1.100167
-0.169171
-1.317763
-0.621302
-0.393061
-1.192012
-0.976907
-1.105772
-1.017615
-1.197218
-1.153449
-0.868188
-1.301854
-0.841490
-0.814798
-0.602098
-0.639075
-0.554551
-0.918682
-0.194478
-0.832211
-1.024250
-0.517803
-0.480422
-1.007949
-0.586044
-0.802333
-1.137358
-0.420544
-0.704754
-0.822674
-0.944735
-0.493152
-0.235935
-0.338134
-0.496706
-0.800071
-0.282416
-0.479704
-0.776983
-0.651155
-0.540558
-0.520728
-0.547489
-0.242267
-0.140231
-0.628802
-0.226412
-0.179461
-0.565381
-0.157581
-0.276244
-0.334264
-0.238700
-0.252988
-0.332677
-0.696862
-0.229492
-0.134399
-0.330181
0.046042
0.004806
-0.030081
-0.140064
-0.131850
-0.149938
-0.176478
0.288973
0.141654
-0.193142
0.253009
0.020247
-0.116697
0.108499
-0.121910
-0.238393
-0.184843
0.124982
0.066839
0.433845
-0.018761
-0.314134
0.009433
0.807329
0.154175
0.331135
0.196772
0.487061
0.262841
0.341716
0.219969
0.143744
0.263883
0.533332
0.193723
0.432274
0.452837
0.519269
0.421202
0.326592
0.545958
0.704812
0.173174
0.320803
0.265209
0.404358
0.517038
0.599677
0.652641
0.713095
0.870525
0.424019
0.477471
0.716962
0.730597
0.272904
0.387011
0.582803
0.744651
0.842176
0.749546
0.837473
0.728472
0.715881
0.362879
0.700006
0.503890
1.279830
0.792498
0.911310
0.682795
0.769958
1.000214
0.480666
0.793689
0.958356
0.821210
0.293611
0.690659
0.882290
0.852426
0.936973
1.309308
0.999422
0.560985
0.824128
0.954670
1.251291
0.980141
0.704954
0.972406
0.850094
0.907447
1.036946
1.335143
1.040838
0.753947
0.886662
1.101279
1.318605
1.165940
1.395666
1.060248
1.009670
0.509981
1.076706
1.382811
1.066078
1.090961
0.862451
1.334966
0.849688
1.084130
0.841982
0.799246
0.981363
0.898321
0.697746
1.315929
0.823427
0.978811
0.693726
1.332734
0.916118
0.941989
1.004563
0.927617
1.122621
0.843243
0.969916
0.815423
1.145166
0.868794
0.843647
1.186837
0.944897
0.918859
1.104201
1.425078
0.673617
0.953671
0.624133
0.717883
0.977946
1.519248
0.494746
0.632048
0.704224
0.639242
0.821770
0.794960
0.499318
1.085820
1.264799
0.446698
0.945583
0.959974
1.001566
0.772140
0.868213
0.795408
0.712635
0.598925
0.660765
0.449176
0.402281
1.006561
0.614152
0.889237
0.696306
0.572612
0.909857
0.153891
0.040824
0.605740
0.461731
0.289742
0.631225
0.491506
0.484655
0.761398
0.442341
0.444236
0.007428
0.414657
0.830168
0.485480
0.312088
0.122896
0.406337
0.527252
0.740851
0.488792
0.455102
0.551571
-0.218784
0.323170
0.263419
0.404123
0.323851
0.098228
0.278176
0.296622
-0.127817
0.338069
0.217161
-0.203714
0.350041
0.187711
-0.257961
-0.371830
0.120693
-0.100342
0.226593
-0.122571
-0.168632
-0.232609
0.092914
-0.320745
-0.186752
-0.670551
-0.194262
-0.079878
0.018097
-0.742232
-0.385250
-0.435724
-0.506853
0.164625
-0.307618
-0.607933
-0.241199
-0.362214
-0.259836
-0.537053
-0.524635
-0.077784
-0.571495
-0.004577
-0.831969
-0.583221
-0.451209
-0.563236
-0.546888
-0.510698
-0.738854
-0.502325
-0.687500
-0.453514
-0.411580
-0.604961
-0.667958
-0.740577
-0.604820
-0.657439
-0.597700
-0.748479
-0.963588
-0.629360
-0.477590
-0.936986
-0.894220
-0.391937
-0.884890
-0.822132
-0.746607
-1.016913
-0.545452
-0.777498
-0.878499
-0.707367
-0.664473
-1.035974
-1.125428
-0.830547
-0.985190
-0.774210
-1.178603
-1.025262
-0.627952
-0.863533
-0.802436
-1.222710
-0.749944
-0.762931
-0.756013
-0.750931
-1.149462
-0.933357
-1.287912
-0.748639
-0.870048
-0.448055
-1.017376
-1.105138
-0.963627
-0.865191
-1.497175
-0.754921
-1.558068
-1.257162
-0.705960
-0.942791
-1.113054
-0.983952
-1.092751
-0.641103
-1.510409
-1.344587
-1.492651
-1.163515
-1.380236
-0.908909
-0.961545
-1.053174
-1.079980
-1.264448
-0.904645
-0.979576
-1.305547
-0.679188
-0.885467
-1.033941
-0.930895
-0.735933
-1.087921
-0.831353
-0.578824
-1.134842
-0.729259
-1.228330
-0.461948
-0.847586
-1.353454
-1.072736
-0.795042
-1.492343
-0.627581
-0.925496
-0.812808
-0.933560
-0.946646
-1.084087
-0.713578
-0.543596
-0.966529
-0.782430
-0.946536
-0.440598
-0.885084
-0.969221
-0.650786
-0.695556
-0.769642
-0.723487
-1.186230
-0.381493
-0.849051
-0.934322
-0.683599
-0.670011
-0.584179
-0.731418
-0.656329
-0.666035
-0.603911
-0.363786
-0.798036
-0.585769
-0.881260
-0.387572
-0.418577
-0.554140
-0.182208
-0.577931
-0.860094
-0.319815
-0.532826
-0.297424
-0.586541
-0.433300
-0.346149
-0.690721
-0.308904
-0.641083
-0.537740
-0.332243
-0.612474
-0.395633
-0.862112
-0.099187
-0.268614
0.044912
-0.132729
-0.205119
-0.187282
-0.170447
0.099207
-0.116186
-0.057791
0.001396
0.007802
-0.229014
-0.251782
-0.078649
-0.056025
-0.268826
0.154888
0.022447
-0.255808
-0.120818
0.167933
-0.074130
0.201038
-0.189719
-0.309264
-0.054142
0.295951
-0.126579
0.490509
0.010604
0.177065
0.141110
0.019088
-0.067691
0.232644
-0.183050
0.334070
0.082869
0.418643
0.223462
0.638302
0.562196
0.322123
0.299778
0.169579
0.297894
0.376155
0.296786
0.613364
0.373152
0.252135
0.701763
0.548868
0.391684
0.593445
0.394276
0.676576
0.351015
0.341582
0.806783
0.693114
1.019730
0.604067
0.744322
0.794704
0.669741
0.550305
0.766617
0.518240
0.622167
0.858900
1.095513
0.834770
0.725985
0.302554
0.990012
0.447877
0.833695
1.254541
1.120611
0.564760
0.807352
0.643886
0.689847
0.881134
0.787641
0.343242
1.162386
1.468831
0.783592
0.817483
0.692641
0.855582
0.932171
1.141203
0.911448
0.556600
1.270773
1.105071
0.885604
1.208918
1.126635
0.708800
1.075194
1.204347
1.105436
0.828460
0.705636
0.749109
0.760542
0.986666
0.842267
1.165148
1.127289
1.065899
1.075994
1.088811
0.893425
1.172732
0.887862
1.181168
0.797783
0.932222
0.756483
0.695794
0.855553
1.018796
0.926141
0.481199
1.285879
0.904369
0.621563
1.423722
1.746364
0.924713
0.932096
0.581949
1.227699
0.874565
1.115544
0.990030
1.146230
1.016518
0.949799
1.199364
0.845815
0.679568
0.707155
0.645927
0.563065
0.899534
1.357770
0.857808
0.713772
0.421396
0.717316
0.791866
0.763592
0.901125
0.724735
0.911043
0.667392
0.699694
0.898190
1.004336
0.749863
0.599051
0.787739
0.882737
0.646737
0.921605
0.636150
0.469760
0.357226
0.905193
0.328500
0.869693
0.985851
0.165863
0.718634
0.879688
0.514396
0.282676
0.698002
0.783603
0.609501
0.542402
0.620905
0.577294
0.394707
0.423614
0.413479
0.211203
0.516017
0.300737
0.384785
0.595616
0.541269
0.404095
0.854762
-0.084429
0.651079
0.291844
0.080018
0.439210
0.275679
0.025656
0.071429
-0.147068
-0.108193
-0.154561
0.146087
-0.198377
0.209025
-0.471562
-0.150390
0.502305
0.396325
-0.293584
-0.091303
-0.108396
-0.163647
0.116017
-0.143196
-0.025364
-0.082320
-0.114935
-0.265652
-0.263622
-0.646784
0.051858
-0.087931
-0.246505
-0.106708
-0.075039
-0.776955
-0.035247
-0.226125
-0.041735
-0.091287
-0.435728
-0.510184
-0.679615
0.055063
-0.695934
-0.493222
-0.329325
-0.840357
-0.575517
-0.305185
-0.756342
-0.698796
-0.759417
-0.571092
-0.287835
-0.384256
-0.707370
-0.757746
-0.801146
-0.661548
-0.723267
-0.456491
-0.910756
-0.613349
-0.661125
-0.760023
-0.565571
-0.504709
-0.484094
-0.299669
-0.773481
-0.521651
-0.896515
-0.629023
-0.561479
-1.028088
-0.552703
-0.884435
-1.119980
-0.818558
-1.257296
-0.743419
-0.939007
-0.730568
-0.638640
-0.703437
-1.020540
-0.623875
-0.557239
-0.839335
-0.908381
-0.433873
-1.046002
-0.867487
-0.614522
-0.982142
-1.261501
-1.060154
-1.195798
-0.846588
-0.709659
-0.904118
-0.946648
-1.022416
-0.874663
-0.872940
-0.771437
-1.199382
-0.859679
-1.061941
-0.852454
-1.289539
-0.815797
-0.896193
-0.597697
-0.685653
-1.048813
-1.054590
-1.072348
-1.333899
-0.611248
-0.571867
-0.939935
-0.911174
-1.120560
-0.591058
-0.864723
-1.393665
-0.785273
-0.921898
-0.966989
-0.833598
-0.803531
-0.975784
-0.861333
-0.803354
-0.823624
-1.098998
-0.791862
-0.747700
-1.019173
-1.152745
-1.159221
-1.086507
-0.922898
-0.839014
-1.250293
-1.135527
-0.924923
-0.836691
-0.860374
-0.640968
-0.792366
-1.149090
-0.692930
-0.745167
-1.027031
-0.798498
-0.874435
-0.920056
-0.948960
-0.700419
-0.801635
-0.848453
-1.170635
-1.112259
-0.914436
-0.549102
-0.781139
-0.553339
-0.507106
-0.775572
-0.954593
-0.607327
-0.384111
0.037770
-0.647389
-0.919953
-0.495783
-0.343512
-0.758617
-0.388351
-0.808919
-0.430679
-0.490122
-0.707220
-0.428213
-0.373701
-0.269255
-0.543516
-0.284245
-0.286867
-0.329679
-0.304493
-0.460053
-0.377058
-0.600744
-0.352922
-0.435094
-0.542527
-0.486886
-0.210235
-0.405294
-0.586514
-0.385303
-0.288471
-0.522148
-0.374003
-0.008997
-0.404600
0.195481
-0.656025
-0.474595
0.245151
0.091004
-0.409092
0.082421
-0.229789
-0.392026
-0.244778
0.046591
-0.140113
0.269857
-0.104566
0.041085
0.161693
-0.058289
0.174010
0.157831
0.071090
0.178584
0.340261
0.707986
0.205688
0.125172
-0.064390
0.328727
0.272904
-0.063891
0.546308
0.088022
0.736429
0.712569
0.522966
0.454422
0.526558
0.508359
0.495843
0.116395
0.437494
0.474956
0.663211
0.653138
0.892356
0.457768
0.258161
0.440819
0.705028
0.550037
0.761958
0.497691
0.486835
0.301139
0.186039
0.881017
0.568063
0.925751
0.697194
0.565646
1.030791
0.692427
0.406485
0.750071
0.724477
0.549293
1.169434
0.545804
0.785878
0.645048
0.539736
0.555602
1.104271
0.963978
0.853497
0.743659
0.919845
1.114434
0.911789
1.451558
0.833466
0.975129
0.732757
0.843564
1.152886
1.067305
0.553973
0.814978
0.828805
1.013161
0.987534
0.615327
0.823331
0.723946
0.543755
0.993663
1.038013
1.341860
1.520402
1.242698
1.441670
1.141208
1.493898
1.103014
1.077766
1.059347
1.284318
0.873577
0.961820
0.832334
1.132572
1.273379
0.520111
1.144651
1.015453
1.071612
0.992452
0.847721
1.571316
0.778279
1.504047
1.145989
0.978918
1.261058
1.245860
1.027819
0.936121
0.700223
1.404396
0.829247
1.021395
1.452488
0.481465
0.994606
1.389296
0.855695
0.973389
0.966799
0.981453
0.635374
0.612463
0.923703
0.668987
1.106955
1.019560
1.037022
1.088325
0.836829
0.461321
0.936106
0.621880
0.855063
0.615778
1.112592
0.596462
0.615801
0.956020
0.783860
0.684573
0.698458
0.902875
0.697925
0.596478
0.384865
0.505729
0.979662
0.735825
0.612547
0.621262
0.408210
0.800597
0.757930
0.567453
0.636528
0.432342
0.546897
0.373876
0.595226
0.658024
0.664137
0.471195
0.157388
0.656820
0.543400
0.244855
0.662973
0.073797
0.332284
0.657755
0.573389
0.493636
0.589374
0.459653
-0.128342
0.152917
0.424818
-0.008689
0.140743
0.450819
0.193582
0.072885
0.075919
0.153719
-0.137953
0.277089
0.047463
0.271480
0.213042
0.512501
0.209309
0.094064
-0.257350
0.089731
0.323584
0.376607
-0.257579
-0.063106
0.083469
0.059729
-0.118723
-0.257562
-0.160810
-0.461879
0.075584
0.088800
-0.223863
-0.154238
-0.250734
-0.373246
-0.353840
-0.127899
-0.050943
0.077305
-0.411618
-0.665968
-0.274220
-0.895183
-0.637333
-0.015183
-0.412358
-0.845596
-0.200125
-0.553508
-0.353968
-0.323252
-0.279636
-0.869008
-0.355673
-0.790807
-0.247641
-0.485940
-0.170941
-0.454148
-0.583854
-0.785202
-0.393551
-0.553392
-0.618440
-0.815795
-0.537709
-0.934358
-0.465838
-0.643654
-0.924711
-0.774837
-0.516011
-0.783580
-0.690493
-0.945214
-0.732654
-0.851668
-0.964083
-0.832642
-1.242662
-0.780631
-0.513954
-0.783229
-0.684122
-0.496226
-0.657728
-0.996048
-1.258219
-0.741244
-0.911413
-0.779422
-0.946733
-0.916953
-0.855461
-0.681142
-1.299039
-0.853779
-0.684183
-0.947802
-0.879759
-1.045608
-0.982565
-0.621279
-0.719080
-1.072220
-1.029086
-1.189350
-0.681987
-1.212272
-0.788815
-1.011239
-0.794154
-0.894412
-1.304212
-0.867532
-0.897087
-0.983590
-0.928756
-0.573046
-0.735570
-0.897371
-1.232945
-1.067024
-1.136593
-1.199597
-0.800412
-1.266559
-1.317027
-0.559944
-1.098516
-0.974606
-0.867508
-0.966604
-1.144040
-1.195794
-1.023079
-0.933621
-0.866937
-1.071815
-0.529396
-0.724426
-0.850010
-1.279512
-1.137097
-0.976667
-1.176575
-1.068415
-1.004880
-0.987043
-0.743699
-1.173949
-0.975922
-0.951787
-0.692271
-0.915259
-0.826728
-0.957495
-0.486741
-0.588626
-0.458085
-1.140485
-0.662387
-0.518691
-0.545665
-1.031400
-1.078564
-0.898314
-0.980017
-0.984468
-0.620160
-0.513405
-0.691810
-0.672678
-0.744130
-0.840171
-1.018878
-0.995028
-0.800758
-0.575828
-0.310792
-0.896523
-0.596687
-0.503406
-0.690720
-0.543880
-0.171887
-0.531026
-0.677387
-0.344625
-0.475371
-0.326449
-0.436105
-0.280014
-0.444589
-0.683537
-0.585033
-0.339586
-0.395815
-0.187279
-0.458633
-0.397224
-0.743458
-0.253484
-0.532394
0.415728
-0.278988
-0.114234
-0.035737
-0.521112
0.199644
-0.207283
-0.116103
-0.201303
0.355196
0.105960
-0.366800
-0.276165
-0.025941
0.023641
0.025761
0.472890
0.024364
0.159182
0.156333
0.379006
0.165711
0.378394
0.352710
-0.100735
0.330489
0.043974
-0.072593
0.383483
-0.085376
0.433538
-0.079298
0.196615
0.554961
0.210615
0.404014
0.133366
0.578441
0.358855
0.261189
0.425479
0.475610
0.559967
0.440460
0.055566
0.432884
0.249505
0.433164
0.419513
0.227355
0.354195
0.826345
0.355037
0.388234
0.664254
0.438092
0.269140
0.651771
0.432720
1.033021
1.075537
0.607726
0.351366
0.831896
0.699724
0.734420
0.452950
0.344564
1.129209
0.711595
0.644918
0.608178
0.795039
0.971558
1.335909
0.849822
1.187331
0.725777
0.592210
0.782796
0.746157
0.673550
0.999031
0.364525
0.888962
0.972081
0.757736
0.946453
1.275745
1.124171
1.286738
1.001486
0.821156
0.930502
1.002746
0.589911
1.043724
0.741359
1.005924
0.944930
0.962252
1.462458
0.775488
1.010963
0.346581
1.100887
1.462662
1.232929
1.168344
0.962611
1.105541
1.105071
1.234031
1.015725
1.133702
1.379827
1.459624
1.013462
1.219415
1.039349
1.153325
0.996557
0.789763
1.000348
1.024228
1.223787
0.647291
0.822613
0.883866
1.060601
0.911939
0.432714
0.648156
0.864596
1.459589
0.905406
0.561149
0.941158
1.336221
1.490105
0.878590
0.966101
0.964415
0.717549
0.875999
0.777460
0.762598
0.944570
0.563247
0.772835
0.727757
1.068313
1.038918
0.058943
0.742582
0.884349
0.396464
0.905691
0.906980
0.815487
0.826315
1.141628
0.648145
0.600545
0.768243
0.961885
0.959071
0.888458
0.541086
1.064614
0.746184
0.952389
0.487383
0.414844
0.574448
0.239038
0.397858
0.199811
0.395349
0.276051
-0.009632
0.832652
0.556122
0.879170
0.719207
0.499465
0.458421
0.118306
0.585412
0.381164
0.468990
0.565428
0.617644
0.819515
0.534495
-0.200484
0.401939
-0.008864
0.053233
0.350495
0.335977
0.481053
-0.232298
0.122191
-0.157386
0.091503
0.004938
0.205532
0.265188
0.028636
-0.013516
-0.055872
0.251736
0.182466
-0.481315
-0.085651
-0.034426
-0.010891
-0.038949
-0.019932
0.408742
-0.229648
-0.258730
-0.139314
-0.156796
-0.644857
0.016058
-0.039812
0.030662
-0.673550
-0.585615
0.006470
-0.472364
-0.712631
-0.379843
-0.545554
-0.151316
-0.334193
-0.374826
-0.527123
-0.628097
-0.330644
-0.423536
-0.379880
-0.456589
-0.123395
-0.493872
-0.592046
-0.148162
-0.615867
-0.598787
-0.466926
-0.740530
-0.444400
-0.668712
-0.831263
-0.811109
-0.488262
-0.926308
-0.673880
-0.681366
-1.129980
-0.970036
-1.059220
-0.707238
-0.927678
-1.001087
-0.651535
-0.722988
-0.924896
-0.777620
-0.837798
-0.679269
-0.845469
-0.786738
-0.955981
-0.725592
-0.904220
-0.858867
-0.751126
-1.253072
-1.231519
-1.138660
-0.895025
-1.148982
-0.655596
-0.558367
-0.751346
-0.784072
-0.933580
-1.118942
-0.891221
-0.120412
-1.004239
-1.022530
-0.838720
-1.367551
-0.913580
-1.014879
-1.086469
-0.952333
-0.825160
-1.446737
-0.971687
-0.822555
-0.586903
-0.718669
-1.318105
-0.973541
-0.761032
-1.061908
-0.951178
-1.226474
-0.783267
-1.000684
-0.792360
-1.142491
-0.673512
-0.816306
-1.107395
-0.757728
-1.122958
-0.747793
-1.032618
-0.861855
-1.059972
-1.403397
-1.020909
-0.727407
-0.838048
-0.462755
-1.098719
-0.527374
-1.017757
-1.054153
-1.168710
-1.477567
-1.114898
-0.928375
-0.776480
-0.612833
-0.702521
-1.064518
-0.648793
-0.552500
-0.997007
-0.656285
-0.650871
-0.744704
-0.856281
-0.884142
-0.375506
-0.625918
-0.587590
-0.985848
-0.962356
-0.803907
-0.524630
-0.331803
-0.576978
-0.342470
-0.909408
-0.751540
-0.363659
-0.587370
-0.942409
-1.038796
-0.597722
-0.746988
-0.859526
-0.655033
-0.911479
-0.384322
-0.496313
-0.558156
-0.535698
-0.922275
-0.327154
-0.593484
-0.127295
-0.477507
-0.004947
-0.188425
-0.751358
-0.664795
-0.252578
-0.391977
-0.375996
-0.156341
-0.726088
-0.433224
-0.564527
-0.147778
-0.265342
-0.211626
-0.760186
-0.229463
-0.456977
0.118960
0.143226
-0.419856
-0.268638
-0.325947
-0.293898
-0.165206
0.095515
-0.193510
-0.009782
0.094643
0.157240
-0.169135
-0.755344
-0.191602
-0.338506
-0.168156
0.319518
-0.205803
0.144980
0.151976
-0.055646
0.371902
-0.013211
-0.182736
0.041331
0.170071
0.191386
-0.004018
0.227948
0.233663
0.506979
0.385595
0.241065
0.548410
0.095621
0.799025
0.832405
0.414207
0.592233
0.581624
0.047727
0.548225
0.643485
0.630903
0.863460
0.847996
0.521285
0.279473
0.259788
0.634153
0.213329
0.559180
0.455719
0.512048
0.604314
0.607224
0.449203
0.813579
0.860333
0.491732
0.830281
0.382988
0.687659
0.677689
0.732655
0.993221
1.171972
0.659553
0.738017
0.910249
1.012524
0.852713
0.797339
0.505377
0.904260
0.816718
0.992236
0.970230
0.984678
1.094684
1.198904
1.132190
0.705939
0.929387
0.575278
1.206377
1.064230
0.860680
0.679013
0.844964
0.849152
1.281290
1.200223
1.512952
0.874713
1.209935
1.006639
1.391151
0.779249
1.387468
1.084910
1.073272
0.795199
0.965777
1.399695
1.216987
1.101383
0.941924
1.004317
1.189398
0.976884
1.028501
1.057273
0.779121
1.045934
1.062140
1.291088
0.840272
0.828462
0.988345
0.706108
1.065602
1.065039
0.750640
1.216629
0.878377
0.789583
0.820753
1.204607
1.204276
1.053930
1.110600
0.746587
0.653339
0.825889
0.702957
1.558649
0.931631
0.819152
0.871824
1.058094
0.753768
0.713001
0.796607
0.933073
1.465073
0.949044
0.741774
0.767715
1.044945
0.777162
0.658124
0.391938
0.639887
1.102342
0.693183
1.158479
0.848722
1.160271
0.810691
0.968638
0.587070
0.965989
0.675319
0.863949
0.369505
0.831332
0.835937
0.674954
0.699531
0.800841
0.733658
0.410408
0.523120
0.375480
0.334979
0.657369
0.718925
0.339844
0.133094
0.865937
0.462713
0.180505
0.334289
0.251879
0.628901
0.053450
0.385934
0.140606
0.252553
0.281220
0.608433
0.400723
0.540236
0.470409
0.421933
0.064112
0.540998
0.550421
0.388605
0.180481
0.388134
0.398569
0.430849
0.163070
-0.129623
0.100203
0.057106
0.513777
0.049264
-0.058539
0.211570
0.277344
0.286707
-0.312279
-0.124573
0.021484
-0.174368
-0.322588
0.170005
-0.166371
-0.208012
0.046726
-0.151888
-0.284801
-0.265466
0.081023
-0.059255
-0.385327
-0.305256
-0.461544
-0.535094
-0.507725
-0.341705
-0.141960
-0.635732
-0.361864
-0.196363
-0.378093
-0.502570
-0.406301
-0.545452
-0.234770
-0.116940
-0.586437
-0.426740
-0.195019
-0.711520
-0.561583
-0.563494
-0.464303
-0.757776
-0.769968
-0.775976
-0.522054
-0.715690
-0.210122
-0.809999
-0.401497
-0.540147
-0.365769
-0.525535
-0.545400
-0.755714
-0.707916
-0.809477
-0.701811
-0.659457
-0.499625
-1.240545
-1.026966
-0.852111
-1.014193
-1.138104
-1.195792
-0.997835
-0.407425
-0.630697
-0.820754
-0.851717
-0.813958
-0.810633
-0.517940
-0.749582
-0.493428
-0.660895
-1.146537
-0.834297
-1.044802
-0.704736
-1.203491
-0.567832
-1.078249
-0.908299
-0.932502
-0.978766
-1.165677
-1.237527
-0.879919
-0.784404
-0.941247
-0.893976
-1.636104
-0.635419
-0.789435
-0.965938
-0.681615
-0.923924
-1.038753
-0.837089
-0.835610
-0.916653
-0.970009
-1.516186
-0.824333
-0.985063
-0.939725
-0.824826
-1.002164
-1.076211
-0.822768
-1.125520
-1.114759
-0.711696
-0.768539
-0.630315
-0.699679
-0.959425
-0.658084
-1.018024
-1.011173
-0.867438
-0.943022
-1.346518
-1.107934
-0.719133
-1.260677
-0.697825
-1.302378
-0.778516
-0.320099
-0.870029
-0.904672
-1.131344
-0.904349
-0.889968
-0.903032
-0.760718
-1.016668
-1.022625
-0.497222
-1.132804
-0.789497
-0.580367
-0.702569
-0.599180
-0.596691
-0.660264
-0.485744
-1.052171
-1.050183
-0.802315
-0.149470
-0.626694
-1.078820
-0.695762
-0.852996
-1.023533
-0.688561
-0.803072
-0.452852
-0.509180
-0.282165
-0.639570
-0.384054
-0.230099
-0.691079
-0.491434
-0.455934
-0.315734
-0.098724
-0.364487
-0.253609
-0.366200
-0.127045
-0.077774
-0.694876
-0.183291
-0.518571
-0.319639
-0.325957
-0.241510
-0.455513
-0.387078
-0.597624
-0.337347
-0.547786
-0.479731
-0.010658
-0.096781
-0.183474
-0.225919
-0.005357
0.279451
-0.251264
-0.205504
-0.193745
-0.490639
-0.271604
-0.057982
-0.265284
0.444189
-0.105940
0.076498
0.031807
-0.188509
0.044421
-0.388196
-0.320310
0.251803
-0.054352
-0.014333
-0.154546
0.108193
-0.044983
0.408431
0.217758
0.414770
0.704300
-0.184031
0.335718
0.236530
0.649526
-0.223956
0.563344
-0.047890
0.146606
0.404148
0.460550
0.490407
0.346009
0.139688
0.485559
0.862590
0.344396
0.561332
0.537895
0.653021
0.821082
0.187153
0.684153
0.644681
0.429813
0.418290
0.776551
0.986178
1.054953
0.815402
0.623240
0.766847
0.498787
0.485752
0.838259
0.708765
0.930883
1.080538
0.501675
0.705655
0.707540
0.708588
0.846829
0.932639
1.063200
0.833238
0.950724
0.823137
0.698256
0.570637
0.855114
0.964858
0.811779
0.940944
0.957993
0.625050
0.738450
0.986724
0.883171
0.804733
1.199367
0.839205
0.781139
0.701621
0.799073
0.952033
1.119513
0.806438
1.382156
1.384709
1.001369
1.418641
1.020115
1.033671
1.029912
1.322156
0.876044
1.081467
1.208368
0.807184
0.962511
1.271688
0.758584
1.068366
1.166268
0.783278
0.941511
0.740153
1.135858
0.705060
0.792745
0.468511
1.005458
1.013342
0.390130
1.106745
0.731631
0.960674
0.734723
1.343561
0.709689
0.822897
1.077051
0.976669
1.133970
0.711681
1.173546
0.884700
0.445963
1.261740
1.287565
0.957223
0.696807
0.846325
0.902738
1.117193
0.765661
1.158147
0.576018
0.623733
0.903732
0.992910
1.033997
0.769990
0.935015
0.823618
0.702701
0.497040
0.640010
1.250033
0.709535
0.733254
0.722925
0.335954
0.729750
0.333273
1.023357
0.665656
0.305654
1.105317
0.647404
1.118275
0.164604
0.523536
0.226197
0.746318
0.741968
0.161679
0.777647
0.734549
0.737337
0.826539
0.184169
0.262832
0.101622
0.583710
0.288384
0.296804
0.502394
0.216921
0.828461
0.512680
0.586671
0.230024
0.230599
0.239186
0.318734
0.468758
0.497651
0.427630
0.136028
0.053489
0.073099
0.405192
-0.117807
-0.116334
0.446317
0.183814
-0.217768
0.213514
-0.072183
-0.287619
0.119575
-0.147585
0.165890
0.275934
0.009525
-0.140182
-0.096725
-0.532509
-0.058369
-0.157887
-0.444834
-0.394509
-0.311913
0.060297
-0.168727
-0.021534
-0.109616
-0.020418
-0.924336
0.113454
-0.183247
-0.137813
-0.564974
-0.601287
-0.189597
-0.152126
-0.737218
-0.336320
-0.197059
-0.114587
-0.427405
-0.072766
-0.592963
-0.347446
-0.191591
-0.688991
-0.330434
-0.362375
-0.652318
-0.825691
-0.402452
-0.885121
-0.835431
-0.603889
-0.288135
-0.707872
-0.705898
-0.603506
-0.748063
-1.091141
-0.516906
-0.749108
-0.612964
-0.608492
-1.243238
-1.093809
-0.905594
-1.064425
-0.550138
-0.769939
-0.526718
-0.745476
-0.797018
-1.072801
-0.874577
-1.106772
-0.715386
-0.497939
-0.652982
-0.824691
-0.797546
-0.768277
-0.552730
-1.197983
-1.061926
-0.970390
-1.027886
-0.706832
-1.198596
-1.189478
-0.757002
-0.957168
-1.028581
-1.008490
-0.897783
-0.895292
-0.880718
-1.049803
-0.528491
-0.881126
-1.170689
-0.962570
-0.978558
-0.832665
-1.155565
-1.238447
-0.814219
-1.148257
-0.880044
-1.173703
-0.808761
-0.737606
-0.852757
-0.931421
-1.147052
-0.954137
-0.949601
-0.859164
-1.012390
-1.273299
-1.281634
-1.198855
-0.651819
-1.099325
-0.883221
-1.051337
-0.778314
-1.212383
-0.829425
-1.144669
-0.859957
-1.136311
-0.899884
-1.148141
-0.971304
-1.203867
-1.130168
-0.733811
-1.109518
-0.681601
-0.578848
-0.738948
-1.095056
-0.721369
-0.760622
-0.933538
-0.665867
-0.765169
-0.881564
-0.900842
-0.629545
-0.619269
-0.679871
-1.095077
-0.582362
-0.686094
-0.611351
-0.810692
-0.907584
-0.401270
-0.721643
-0.876467
-0.902880
-0.983313
-0.465163
-0.575718
-0.643595
-0.479778
-0.698924
-0.458301
-0.506808
-0.846642
-0.806032
-1.261496
-0.884786
-0.802783
-0.821468
-0.763637
-1.085909
-0.662719
-0.300130
-0.681465
-0.342810
-0.362374
-0.380178
-0.132685
-0.208003
-0.210158
-0.481054
-0.285493
-0.322585
-0.390779
-0.445492
-0.476667
-0.430219
-0.300297
-0.564177
-0.632231
-0.360610
-0.096905
0.021065
0.140794
-0.749042
-0.293452
-0.028613
-0.398846
0.219645
0.036544
0.040264
0.194579
-0.289548
-0.194256
-0.508058
-0.056262
